#x(nm) z(nm) vx vz:
-1.160000e+002 -7.600000e+001 1.357353e+000 -1.286598e+000
-1.080000e+002 -7.600000e+001 2.323807e+000 -1.262021e+000
-1.000000e+002 -7.600000e+001 3.489453e+000 -1.207304e+000
-9.200000e+001 -7.600000e+001 4.661877e+000 -1.142020e+000
-8.400000e+001 -7.600000e+001 5.775292e+000 -1.070156e+000
-7.600000e+001 -7.600000e+001 6.793378e+000 -9.861866e-001
-6.800000e+001 -7.600000e+001 7.686398e+000 -8.810033e-001
-6.000000e+001 -7.600000e+001 8.430206e+000 -7.441015e-001
-5.200000e+001 -7.600000e+001 9.013964e+000 -5.646489e-001
-4.400000e+001 -7.600000e+001 9.446953e+000 -3.324018e-001
-3.600000e+001 -7.600000e+001 9.752846e+000 -3.892717e-002
-2.800000e+001 -7.600000e+001 9.942644e+000 3.181981e-001
-2.000000e+001 -7.600000e+001 9.962474e+000 7.217980e-001
-1.200000e+001 -7.600000e+001 9.647334e+000 1.108658e+000
-4.000000e+000 -7.600000e+001 8.821071e+000 1.367867e+000
4.000000e+000 -7.600000e+001 7.544325e+000 1.430990e+000
1.200000e+001 -7.600000e+001 6.088517e+000 1.336237e+000
2.000000e+001 -7.600000e+001 4.690412e+000 1.160934e+000
2.800000e+001 -7.600000e+001 3.467039e+000 9.617327e-001
3.600000e+001 -7.600000e+001 2.453359e+000 7.686014e-001
4.400000e+001 -7.600000e+001 1.644967e+000 5.946884e-001
5.200000e+001 -7.600000e+001 1.021619e+000 4.442562e-001
6.000000e+001 -7.600000e+001 5.582176e-001 3.172507e-001
6.800000e+001 -7.600000e+001 2.296106e-001 2.117928e-001
7.600000e+001 -7.600000e+001 1.243235e-002 1.254991e-001
8.400000e+001 -7.600000e+001 -1.144611e-001 5.614764e-002
9.200000e+001 -7.600000e+001 -1.702461e-001 2.005886e-003
1.000000e+002 -7.600000e+001 -1.728474e-001 -3.794498e-002
1.080000e+002 -7.600000e+001 -1.405338e-001 -6.374511e-002
1.160000e+002 -7.600000e+001 -9.709961e-002 -7.473105e-002
-1.160000e+002 -6.800000e+001 1.310715e+000 -2.247489e+000
-1.080000e+002 -6.800000e+001 2.248043e+000 -2.200938e+000
-1.000000e+002 -6.800000e+001 3.380614e+000 -2.122065e+000
-9.200000e+001 -6.800000e+001 4.522395e+000 -2.020112e+000
-8.400000e+001 -6.800000e+001 5.613807e+000 -1.895960e+000
-7.600000e+001 -6.800000e+001 6.621580e+000 -1.743612e+000
-6.800000e+001 -6.800000e+001 7.517332e+000 -1.554162e+000
-6.000000e+001 -6.800000e+001 8.276357e+000 -1.318287e+000
-5.200000e+001 -6.800000e+001 8.884682e+000 -1.026703e+000
-4.400000e+001 -6.800000e+001 9.346854e+000 -6.677102e-001
-3.600000e+001 -6.800000e+001 9.682848e+000 -2.226327e-001
-2.800000e+001 -6.800000e+001 9.902303e+000 3.335034e-001
-2.000000e+001 -6.800000e+001 9.948635e+000 1.007302e+000
-1.200000e+001 -6.800000e+001 9.646420e+000 1.719139e+000
-4.000000e+000 -6.800000e+001 8.814101e+000 2.264847e+000
4.000000e+000 -6.800000e+001 7.532772e+000 2.478420e+000
1.200000e+001 -6.800000e+001 6.088587e+000 2.389095e+000
2.000000e+001 -6.800000e+001 4.710372e+000 2.122764e+000
2.800000e+001 -6.800000e+001 3.504689e+000 1.786683e+000
3.600000e+001 -6.800000e+001 2.502563e+000 1.444768e+000
4.400000e+001 -6.800000e+001 1.699850e+000 1.128631e+000
5.200000e+001 -6.800000e+001 1.077769e+000 8.508783e-001
6.000000e+001 -6.800000e+001 6.125911e-001 6.141779e-001
6.800000e+001 -6.800000e+001 2.801316e-001 4.166213e-001
7.600000e+001 -6.800000e+001 5.763633e-002 2.546707e-001
8.400000e+001 -6.800000e+001 -7.565905e-002 1.246696e-001
9.200000e+001 -6.800000e+001 -1.386512e-001 2.356576e-002
1.000000e+002 -6.800000e+001 -1.489364e-001 -5.076386e-002
1.080000e+002 -6.800000e+001 -1.242361e-001 -9.946577e-002
1.160000e+002 -6.800000e+001 -8.750580e-002 -1.232382e-001
-1.160000e+002 -6.000000e+001 1.216247e+000 -3.382578e+000
-1.080000e+002 -6.000000e+001 2.104827e+000 -3.314416e+000
-1.000000e+002 -6.000000e+001 3.179576e+000 -3.207787e+000
-9.200000e+001 -6.000000e+001 4.268052e+000 -3.067144e+000
-8.400000e+001 -6.000000e+001 5.318740e+000 -2.889142e+000
-7.600000e+001 -6.000000e+001 6.303662e+000 -2.665596e+000
-6.800000e+001 -6.000000e+001 7.197469e+000 -2.386479e+000
-6.000000e+001 -6.000000e+001 7.975592e+000 -2.042121e+000
-5.200000e+001 -6.000000e+001 8.620290e+000 -1.622753e+000
-4.400000e+001 -6.000000e+001 9.129321e+000 -1.112698e+000
-3.600000e+001 -6.000000e+001 9.516443e+000 -4.796571e-001
-2.800000e+001 -6.000000e+001 9.788538e+000 3.288809e-001
-2.000000e+001 -6.000000e+001 9.885732e+000 1.347913e+000
-1.200000e+001 -6.000000e+001 9.617643e+000 2.474361e+000
-4.000000e+000 -6.000000e+001 8.785916e+000 3.379480e+000
4.000000e+000 -6.000000e+001 7.488759e+000 3.772489e+000
1.200000e+001 -6.000000e+001 6.039636e+000 3.680808e+000
2.000000e+001 -6.000000e+001 4.671927e+000 3.297373e+000
2.800000e+001 -6.000000e+001 3.484694e+000 2.792088e+000
3.600000e+001 -6.000000e+001 2.501965e+000 2.268730e+000
4.400000e+001 -6.000000e+001 1.715799e+000 1.780086e+000
5.200000e+001 -6.000000e+001 1.105978e+000 1.348229e+000
6.000000e+001 -6.000000e+001 6.485853e-001 9.788635e-001
6.800000e+001 -6.000000e+001 3.197951e-001 6.699719e-001
7.600000e+001 -6.000000e+001 9.740055e-002 4.166112e-001
8.400000e+001 -6.000000e+001 -3.876649e-002 2.133797e-001
9.200000e+001 -6.000000e+001 -1.069832e-001 5.558402e-002
1.000000e+002 -6.000000e+001 -1.241693e-001 -6.030028e-002
1.080000e+002 -6.000000e+001 -1.072312e-001 -1.366038e-001
1.160000e+002 -6.000000e+001 -7.759448e-002 -1.747266e-001
-1.160000e+002 -5.200000e+001 1.094821e+000 -4.479558e+000
-1.080000e+002 -5.200000e+001 1.908758e+000 -4.395029e+000
-1.000000e+002 -5.200000e+001 2.898302e+000 -4.266759e+000
-9.200000e+001 -5.200000e+001 3.908891e+000 -4.097013e+000
-8.400000e+001 -5.200000e+001 4.897260e+000 -3.878729e+000
-7.600000e+001 -5.200000e+001 5.841349e+000 -3.600562e+000
-6.800000e+001 -5.200000e+001 6.720017e+000 -3.249668e+000
-6.000000e+001 -5.200000e+001 7.510066e+000 -2.813457e+000
-5.200000e+001 -5.200000e+001 8.190600e+000 -2.278297e+000
-4.400000e+001 -5.200000e+001 8.751600e+000 -1.621227e+000
-3.600000e+001 -5.200000e+001 9.197723e+000 -7.939523e-001
-2.800000e+001 -5.200000e+001 9.529650e+000 2.854714e-001
-2.000000e+001 -5.200000e+001 9.682399e+000 1.682380e+000
-1.200000e+001 -5.200000e+001 9.451405e+000 3.265574e+000
-4.000000e+000 -5.200000e+001 8.622740e+000 4.560021e+000
4.000000e+000 -5.200000e+001 7.312082e+000 5.133591e+000
1.200000e+001 -5.200000e+001 5.862443e+000 5.022691e+000
2.000000e+001 -5.200000e+001 4.514438e+000 4.503391e+000
2.800000e+001 -5.200000e+001 3.359828e+000 3.815239e+000
3.600000e+001 -5.200000e+001 2.413627e+000 3.102371e+000
4.400000e+001 -5.200000e+001 1.661632e+000 2.437132e+000
5.200000e+001 -5.200000e+001 1.080353e+000 1.849432e+000
6.000000e+001 -5.200000e+001 6.446997e-001 1.346907e+000
6.800000e+001 -5.200000e+001 3.308760e-001 9.267963e-001
7.600000e+001 -5.200000e+001 1.173090e-001 5.824102e-001
8.400000e+001 -5.200000e+001 -1.527253e-002 3.064132e-001
9.200000e+001 -5.200000e+001 -8.414313e-002 9.235584e-002
1.000000e+002 -5.200000e+001 -1.051721e-001 -6.472883e-002
1.080000e+002 -5.200000e+001 -9.410016e-002 -1.682259e-001
1.160000e+002 -5.200000e+001 -7.040984e-002 -2.200191e-001
-1.160000e+002 -4.400000e+001 9.554998e-001 -5.461373e+000
-1.080000e+002 -4.400000e+001 1.671444e+000 -5.369689e+000
-1.000000e+002 -4.400000e+001 2.549065e+000 -5.230910e+000
-9.200000e+001 -4.400000e+001 3.455707e+000 -5.046250e+000
-8.400000e+001 -4.400000e+001 4.356431e+000 -4.805960e+000
-7.600000e+001 -4.400000e+001 5.234972e+000 -4.495405e+000
-6.800000e+001 -4.400000e+001 6.074929e+000 -4.097613e+000
-6.000000e+001 -4.400000e+001 6.855604e+000 -3.594413e+000
-5.200000e+001 -4.400000e+001 7.554111e+000 -2.964326e+000
-4.400000e+001 -4.400000e+001 8.152370e+000 -2.172616e+000
-3.600000e+001 -4.400000e+001 8.642612e+000 -1.151556e+000
-2.800000e+001 -4.400000e+001 9.013514e+000 2.113230e-001
-2.000000e+001 -4.400000e+001 9.192103e+000 2.008628e+000
-1.200000e+001 -4.400000e+001 8.971280e+000 4.069461e+000
-4.000000e+000 -4.400000e+001 8.146814e+000 5.757030e+000
4.000000e+000 -4.400000e+001 6.855567e+000 6.496301e+000
1.200000e+001 -4.400000e+001 5.451136e+000 6.344803e+000
2.000000e+001 -4.400000e+001 4.167787e+000 5.673317e+000
2.800000e+001 -4.400000e+001 3.085439e+000 4.795050e+000
3.600000e+001 -4.400000e+001 2.209259e+000 3.893100e+000
4.400000e+001 -4.400000e+001 1.519030e+000 3.056364e+000
5.200000e+001 -4.400000e+001 9.885594e-001 2.320011e+000
6.000000e+001 -4.400000e+001 5.922488e-001 1.691957e+000
6.800000e+001 -4.400000e+001 3.070178e-001 1.167807e+000
7.600000e+001 -4.400000e+001 1.125880e-001 7.387062e-001
8.400000e+001 -4.400000e+001 -8.796547e-003 3.952196e-001
9.200000e+001 -4.400000e+001 -7.284841e-002 1.290990e-001
1.000000e+002 -4.400000e+001 -9.388656e-002 -6.602342e-002
1.080000e+002 -4.400000e+001 -8.603180e-002 -1.944700e-001
1.160000e+002 -4.400000e+001 -6.652280e-002 -2.585514e-001
-1.160000e+002 -3.600000e+001 8.011754e-001 -6.292257e+000
-1.080000e+002 -3.600000e+001 1.401726e+000 -6.202101e+000
-1.000000e+002 -3.600000e+001 2.144850e+000 -6.064277e+000
-9.200000e+001 -3.600000e+001 2.922502e+000 -5.878989e+000
-8.400000e+001 -3.600000e+001 3.708000e+000 -5.634575e+000
-7.600000e+001 -3.600000e+001 4.490293e+000 -5.313319e+000
-6.800000e+001 -3.600000e+001 5.257459e+000 -4.893267e+000
-6.000000e+001 -3.600000e+001 5.991710e+000 -4.348302e+000
-5.200000e+001 -3.600000e+001 6.668992e+000 -3.644893e+000
-4.400000e+001 -3.600000e+001 7.263059e+000 -2.730961e+000
-3.600000e+001 -3.600000e+001 7.750433e+000 -1.514737e+000
-2.800000e+001 -3.600000e+001 8.101458e+000 1.453332e-001
-2.000000e+001 -3.600000e+001 8.235250e+000 2.353862e+000
-1.200000e+001 -3.600000e+001 7.970616e+000 4.874324e+000
-4.000000e+000 -3.600000e+001 7.162104e+000 6.911055e+000
4.000000e+000 -3.600000e+001 5.966433e+000 7.778780e+000
1.200000e+001 -3.600000e+001 4.702318e+000 7.567288e+000
2.000000e+001 -3.600000e+001 3.568213e+000 6.739061e+000
2.800000e+001 -3.600000e+001 2.624691e+000 5.676687e+000
3.600000e+001 -3.600000e+001 1.868611e+000 4.597893e+000
4.400000e+001 -3.600000e+001 1.277311e+000 3.604504e+000
5.200000e+001 -3.600000e+001 8.251629e-001 2.734539e+000
6.000000e+001 -3.600000e+001 4.885542e-001 1.994873e+000
6.800000e+001 -3.600000e+001 2.469280e-001 1.378878e+000
7.600000e+001 -3.600000e+001 8.261594e-002 8.753444e-001
8.400000e+001 -3.600000e+001 -1.963990e-002 4.727420e-001
9.200000e+001 -3.600000e+001 -7.322680e-002 1.611117e-001
1.000000e+002 -3.600000e+001 -9.029137e-002 -6.720008e-002
1.080000e+002 -3.600000e+001 -8.281852e-002 -2.173436e-001
1.160000e+002 -3.600000e+001 -6.555332e-002 -2.920292e-001
-1.160000e+002 -2.800000e+001 6.340999e-001 -6.955367e+000
-1.080000e+002 -2.800000e+001 1.108295e+000 -6.872477e+000
-1.000000e+002 -2.800000e+001 1.700373e+000 -6.743887e+000
-9.200000e+001 -2.800000e+001 2.327608e+000 -6.568598e+000
-8.400000e+001 -2.800000e+001 2.970878e+000 -6.333469e+000
-7.600000e+001 -2.800000e+001 3.623157e+000 -6.017920e+000
-6.800000e+001 -2.800000e+001 4.275852e+000 -5.594435e+000
-6.000000e+001 -2.800000e+001 4.913357e+000 -5.026973e+000
-5.200000e+001 -2.800000e+001 5.510311e+000 -4.265947e+000
-4.400000e+001 -2.800000e+001 6.032086e+000 -3.236182e+000
-3.600000e+001 -2.800000e+001 6.437822e+000 -1.817935e+000
-2.800000e+001 -2.800000e+001 6.677937e+000 1.512730e-001
-2.000000e+001 -2.800000e+001 6.674702e+000 2.754640e+000
-1.200000e+001 -2.800000e+001 6.315414e+000 5.652771e+000
-4.000000e+000 -2.800000e+001 5.560346e+000 7.927859e+000
4.000000e+000 -2.800000e+001 4.569846e+000 8.860254e+000
1.200000e+001 -2.800000e+001 3.571616e+000 8.579501e+000
2.000000e+001 -2.800000e+001 2.693616e+000 7.613381e+000
2.800000e+001 -2.800000e+001 1.969267e+000 6.395577e+000
3.600000e+001 -2.800000e+001 1.390836e+000 5.169953e+000
4.400000e+001 -2.800000e+001 9.391253e-001 4.047730e+000
5.200000e+001 -2.800000e+001 5.940618e-001 3.068523e+000
6.000000e+001 -2.800000e+001 3.375994e-001 2.237916e+000
6.800000e+001 -2.800000e+001 1.541463e-001 1.547229e+000
7.600000e+001 -2.800000e+001 3.030859e-002 9.832183e-001
8.400000e+001 -2.800000e+001 -4.550972e-002 5.325964e-001
9.200000e+001 -2.800000e+001 -8.352186e-002 1.839887e-001
1.000000e+002 -2.800000e+001 -9.305032e-002 -7.131262e-002
1.080000e+002 -2.800000e+001 -8.343899e-002 -2.391349e-001
1.160000e+002 -2.800000e+001 -6.671556e-002 -3.225124e-001
-1.160000e+002 -2.000000e+001 4.572297e-001 -7.446740e+000
-1.080000e+002 -2.000000e+001 7.999140e-001 -7.373136e+000
-1.000000e+002 -2.000000e+001 1.230862e+000 -7.257114e+000
-9.200000e+001 -2.000000e+001 1.691722e+000 -7.096434e+000
-8.400000e+001 -2.000000e+001 2.169554e+000 -6.876679e+000
-7.600000e+001 -2.000000e+001 2.659640e+000 -6.574486e+000
-6.800000e+001 -2.000000e+001 3.154880e+000 -6.156364e+000
-6.000000e+001 -2.000000e+001 3.640301e+000 -5.574874e+000
-5.200000e+001 -2.000000e+001 4.088546e+000 -4.761264e+000
-4.400000e+001 -2.000000e+001 4.457367e+000 -3.613131e+000
-3.600000e+001 -2.000000e+001 4.691695e+000 -1.982963e+000
-2.800000e+001 -2.000000e+001 4.731698e+000 2.938335e-001
-2.000000e+001 -2.000000e+001 4.527886e+000 3.231035e+000
-1.200000e+001 -2.000000e+001 4.071244e+000 6.356252e+000
-4.000000e+000 -2.000000e+001 3.434335e+000 8.701757e+000
4.000000e+000 -2.000000e+001 2.751517e+000 9.613969e+000
1.200000e+001 -2.000000e+001 2.125668e+000 9.267237e+000
2.000000e+001 -2.000000e+001 1.593542e+000 8.208187e+000
2.800000e+001 -2.000000e+001 1.155957e+000 6.888431e+000
3.600000e+001 -2.000000e+001 8.034449e-001 5.564871e+000
4.400000e+001 -2.000000e+001 5.251581e-001 4.354955e+000
5.200000e+001 -2.000000e+001 3.108279e-001 3.300109e+000
6.000000e+001 -2.000000e+001 1.510684e-001 2.405679e+000
6.800000e+001 -2.000000e+001 3.738175e-002 1.662016e+000
7.600000e+001 -2.000000e+001 -3.789959e-002 1.054754e+000
8.400000e+001 -2.000000e+001 -8.170145e-002 5.695579e-001
9.200000e+001 -2.000000e+001 -1.003387e-001 1.941655e-001
1.000000e+002 -2.000000e+001 -9.976544e-002 -8.081947e-002
1.080000e+002 -2.000000e+001 -8.627283e-002 -2.616768e-001
1.160000e+002 -2.000000e+001 -6.896610e-002 -3.516203e-001
-1.160000e+002 -1.200000e+001 2.737183e-001 -7.771335e+000
-1.080000e+002 -1.200000e+001 4.838561e-001 -7.705640e+000
-1.000000e+002 -1.200000e+001 7.489571e-001 -7.600506e+000
-9.200000e+001 -1.200000e+001 1.033350e+000 -7.452582e+000
-8.400000e+001 -1.200000e+001 1.328680e+000 -7.246196e+000
-7.600000e+001 -1.200000e+001 1.630758e+000 -6.955173e+000
-6.800000e+001 -1.200000e+001 1.932173e+000 -6.539865e+000
-6.000000e+001 -1.200000e+001 2.217289e+000 -5.940870e+000
-5.200000e+001 -1.200000e+001 2.457070e+000 -5.069229e+000
-4.400000e+001 -1.200000e+001 2.605522e+000 -3.795157e+000
-3.600000e+001 -1.200000e+001 2.603916e+000 -1.950529e+000
-2.800000e+001 -1.200000e+001 2.403122e+000 6.037798e-001
-2.000000e+001 -1.200000e+001 2.008832e+000 3.766474e+000
-1.200000e+001 -1.200000e+001 1.517628e+000 6.930016e+000
-4.000000e+000 -1.200000e+001 1.071943e+000 9.164109e+000
4.000000e+000 -1.200000e+001 7.506499e-001 9.967626e+000
1.200000e+001 -1.200000e+001 5.378274e-001 9.562959e+000
2.000000e+001 -1.200000e+001 3.861394e-001 8.468131e+000
2.800000e+001 -1.200000e+001 2.642353e-001 7.113627e+000
3.600000e+001 -1.200000e+001 1.604222e-001 5.752642e+000
4.400000e+001 -1.200000e+001 7.267244e-002 4.504921e+000
5.200000e+001 -1.200000e+001 1.550258e-003 3.414345e+000
6.000000e+001 -1.200000e+001 -5.259458e-002 2.487705e+000
6.800000e+001 -1.200000e+001 -9.026164e-002 1.715991e+000
7.600000e+001 -1.200000e+001 -1.126926e-001 1.085004e+000
8.400000e+001 -1.200000e+001 -1.216174e-001 5.803242e-001
9.200000e+001 -1.200000e+001 -1.190544e-001 1.894952e-001
1.000000e+002 -1.200000e+001 -1.072810e-001 -9.709807e-002
1.080000e+002 -1.200000e+001 -8.929084e-002 -2.859004e-001
1.160000e+002 -1.200000e+001 -7.109051e-002 -3.801084e-001
-1.160000e+002 -4.000000e+000 8.612735e-002 -7.937682e+000
-1.080000e+002 -4.000000e+000 1.643076e-001 -7.876076e+000
-1.000000e+002 -4.000000e+000 2.618637e-001 -7.776318e+000
-9.200000e+001 -4.000000e+000 3.643586e-001 -7.634133e+000
-8.400000e+001 -4.000000e+000 4.668263e-001 -7.432511e+000
-7.600000e+001 -4.000000e+000 5.644360e-001 -7.142461e+000
-6.800000e+001 -4.000000e+000 6.485421e-001 -6.718522e+000
-6.000000e+001 -4.000000e+000 7.028826e-001 -6.090348e+000
-5.200000e+001 -4.000000e+000 6.991804e-001 -5.151044e+000
-4.400000e+001 -4.000000e+000 5.950024e-001 -3.748753e+000
-3.600000e+001 -4.000000e+000 3.431595e-001 -1.707942e+000
-2.800000e+001 -4.000000e+000 -7.232689e-002 1.058179e+000
-2.000000e+001 -4.000000e+000 -5.780870e-001 4.308893e+000
-1.200000e+001 -4.000000e+000 -1.003804e+000 7.331076e+000
-4.000000e+000 -4.000000e+000 -1.199964e+000 9.307271e+000
4.000000e+000 -4.000000e+000 -1.160686e+000 9.932400e+000
1.200000e+001 -4.000000e+000 -9.882328e-001 9.473985e+000
2.000000e+001 -4.000000e+000 -7.855647e-001 8.391907e+000
2.800000e+001 -4.000000e+000 -6.080809e-001 7.065252e+000
3.600000e+001 -4.000000e+000 -4.715623e-001 5.726478e+000
4.400000e+001 -4.000000e+000 -3.725967e-001 4.491688e+000
5.200000e+001 -4.000000e+000 -3.021336e-001 3.406612e+000
6.000000e+001 -4.000000e+000 -2.513583e-001 2.480651e+000
6.800000e+001 -4.000000e+000 -2.133849e-001 1.706882e+000
7.600000e+001 -4.000000e+000 -1.833029e-001 1.072539e+000
8.400000e+001 -4.000000e+000 -1.577564e-001 5.641074e-001
9.200000e+001 -4.000000e+000 -1.345017e-001 1.696598e-001
1.000000e+002 -4.000000e+000 -1.121365e-001 -1.201401e-001
1.080000e+002 -4.000000e+000 -9.032139e-002 -3.115909e-001
1.160000e+002 -4.000000e+000 -7.183161e-002 -4.076585e-001
-1.160000e+002 4.000000e+000 -1.038950e-001 -7.951940e+000
-1.080000e+002 4.000000e+000 -1.578356e-001 -7.889321e+000
-1.000000e+002 4.000000e+000 -2.290166e-001 -7.787341e+000
-9.200000e+001 4.000000e+000 -3.110848e-001 -7.641042e+000
-8.400000e+001 4.000000e+000 -4.059283e-001 -7.432024e+000
-7.600000e+001 4.000000e+000 -5.191416e-001 -7.128734e+000
-6.800000e+001 4.000000e+000 -6.602280e-001 -6.681112e+000
-6.000000e+001 4.000000e+000 -8.445792e-001 -6.010902e+000
-5.200000e+001 4.000000e+000 -1.095992e+000 -4.999218e+000
-4.400000e+001 4.000000e+000 -1.445702e+000 -3.482077e+000
-3.600000e+001 4.000000e+000 -1.916343e+000 -1.291260e+000
-2.800000e+001 4.000000e+000 -2.476120e+000 1.591307e+000
-2.000000e+001 4.000000e+000 -2.987344e+000 4.788076e+000
-1.200000e+001 4.000000e+000 -3.250341e+000 7.528951e+000
-4.000000e+000 4.000000e+000 -3.162702e+000 9.159251e+000
4.000000e+000 4.000000e+000 -2.795200e+000 9.569759e+000
1.200000e+001 4.000000e+000 -2.300238e+000 9.060549e+000
2.000000e+001 4.000000e+000 -1.804649e+000 8.023052e+000
2.800000e+001 4.000000e+000 -1.375131e+000 6.770796e+000
3.600000e+001 4.000000e+000 -1.031100e+000 5.503039e+000
4.400000e+001 4.000000e+000 -7.672886e-001 4.325482e+000
5.200000e+001 4.000000e+000 -5.697789e-001 3.283447e+000
6.000000e+001 4.000000e+000 -4.239101e-001 2.388919e+000
6.800000e+001 4.000000e+000 -3.171107e-001 1.637831e+000
7.600000e+001 4.000000e+000 -2.393880e-001 1.019738e+000
8.400000e+001 4.000000e+000 -1.829779e-001 5.228158e-001
9.200000e+001 4.000000e+000 -1.418165e-001 1.362805e-001
1.000000e+002 4.000000e+000 -1.111161e-001 -1.484857e-001
1.080000e+002 4.000000e+000 -8.737549e-002 -3.373524e-001
1.160000e+002 4.000000e+000 -7.005780e-002 -4.328633e-001
-1.160000e+002 1.200000e+001 -2.953174e-001 -7.813673e+000
-1.080000e+002 1.200000e+001 -4.834603e-001 -7.744767e+000
-1.000000e+002 1.200000e+001 -7.253091e-001 -7.632781e+000
-9.200000e+001 1.200000e+001 -9.928269e-001 -7.472399e+000
-8.400000e+001 1.200000e+001 -1.284093e+000 -7.243970e+000
-7.600000e+001 1.200000e+001 -1.604485e+000 -6.914101e+000
-6.800000e+001 1.200000e+001 -1.962894e+000 -6.430308e+000
-6.000000e+001 1.200000e+001 -2.371724e+000 -5.711196e+000
-5.200000e+001 1.200000e+001 -2.847388e+000 -4.634323e+000
-4.400000e+001 1.200000e+001 -3.405802e+000 -3.035494e+000
-3.600000e+001 1.200000e+001 -4.038708e+000 -7.659016e-001
-2.800000e+001 1.200000e+001 -4.660143e+000 2.120148e+000
-2.000000e+001 1.200000e+001 -5.077780e+000 5.131183e+000
-1.200000e+001 1.200000e+001 -5.103894e+000 7.495865e+000
-4.000000e+000 1.200000e+001 -4.720475e+000 8.748351e+000
4.000000e+000 1.200000e+001 -4.068286e+000 8.944878e+000
1.200000e+001 1.200000e+001 -3.320231e+000 8.396243e+000
2.000000e+001 1.200000e+001 -2.602506e+000 7.424734e+000
2.800000e+001 1.200000e+001 -1.980675e+000 6.277476e+000
3.600000e+001 1.200000e+001 -1.474698e+000 5.115486e+000
4.400000e+001 1.200000e+001 -1.079073e+000 4.029159e+000
5.200000e+001 1.200000e+001 -7.779603e-001 3.060657e+000
6.000000e+001 1.200000e+001 -5.535716e-001 2.223594e+000
6.800000e+001 1.200000e+001 -3.897248e-001 1.516746e+000
7.600000e+001 1.200000e+001 -2.728202e-001 9.323612e-001
8.400000e+001 1.200000e+001 -1.917160e-001 4.607548e-001
9.200000e+001 1.200000e+001 -1.372539e-001 9.269176e-002
1.000000e+002 1.200000e+001 -1.017790e-001 -1.794105e-001
1.080000e+002 1.200000e+001 -7.896450e-002 -3.607794e-001
1.160000e+002 1.200000e+001 -6.493334e-002 -4.533989e-001
-1.160000e+002 2.000000e+001 -4.870541e-001 -7.515124e+000
-1.080000e+002 2.000000e+001 -8.127290e-001 -7.435667e+000
-1.000000e+002 2.000000e+001 -1.227049e+000 -7.307712e+000
-9.200000e+001 2.000000e+001 -1.678226e+000 -7.126020e+000
-8.400000e+001 2.000000e+001 -2.158930e+000 -6.870132e+000
-7.600000e+001 2.000000e+001 -2.672537e+000 -6.506024e+000
-6.800000e+001 2.000000e+001 -3.225350e+000 -5.981629e+000
-6.000000e+001 2.000000e+001 -3.825053e+000 -5.217885e+000
-5.200000e+001 2.000000e+001 -4.479999e+000 -4.097591e+000
-4.400000e+001 2.000000e+001 -5.191365e+000 -2.467482e+000
-3.600000e+001 2.000000e+001 -5.919735e+000 -2.068132e-001
-2.800000e+001 2.000000e+001 -6.523099e+000 2.562634e+000
-2.000000e+001 2.000000e+001 -6.766484e+000 5.271866e+000
-1.200000e+001 2.000000e+001 -6.511605e+000 7.207526e+000
-4.000000e+000 2.000000e+001 -5.844993e+000 8.097253e+000
4.000000e+000 2.000000e+001 -4.960087e+000 8.112671e+000
1.200000e+001 2.000000e+001 -4.026728e+000 7.548718e+000
2.000000e+001 2.000000e+001 -3.154964e+000 6.661509e+000
2.800000e+001 2.000000e+001 -2.400727e+000 5.638675e+000
3.600000e+001 2.000000e+001 -1.781208e+000 4.604572e+000
4.400000e+001 2.000000e+001 -1.290822e+000 3.632620e+000
5.200000e+001 2.000000e+001 -9.136005e-001 2.759836e+000
6.000000e+001 2.000000e+001 -6.307739e-001 2.000215e+000
6.800000e+001 2.000000e+001 -4.244552e-001 1.354846e+000
7.600000e+001 2.000000e+001 -2.789431e-001 8.185685e-001
8.400000e+001 2.000000e+001 -1.808553e-001 3.839361e-001
9.200000e+001 2.000000e+001 -1.187879e-001 4.343243e-002
1.000000e+002 2.000000e+001 -8.285539e-002 -2.093262e-001
1.080000e+002 2.000000e+001 -6.434121e-002 -3.788024e-001
1.160000e+002 2.000000e+001 -5.605006e-002 -4.663541e-001
-1.160000e+002 2.800000e+001 -6.773332e-001 -7.044402e+000
-1.080000e+002 2.800000e+001 -1.142812e+000 -6.952503e+000
-1.000000e+002 2.800000e+001 -1.728631e+000 -6.806565e+000
-9.200000e+001 2.800000e+001 -2.356698e+000 -6.601863e+000
-8.400000e+001 2.800000e+001 -3.012286e+000 -6.317842e+000
-7.600000e+001 2.800000e+001 -3.694733e+000 -5.921380e+000
-6.800000e+001 2.800000e+001 -4.405894e+000 -5.363753e+000
-6.000000e+001 2.800000e+001 -5.147910e+000 -4.573150e+000
-5.200000e+001 2.800000e+001 -5.922367e+000 -3.444826e+000
-4.400000e+001 2.800000e+001 -6.719007e+000 -1.845258e+000
-3.600000e+001 2.800000e+001 -7.469789e+000 3.118934e-001
-2.800000e+001 2.800000e+001 -7.979228e+000 2.847084e+000
-2.000000e+001 2.800000e+001 -7.990679e+000 5.162178e+000
-1.200000e+001 2.800000e+001 -7.449742e+000 6.659391e+000
-4.000000e+000 2.800000e+001 -6.543350e+000 7.238216e+000
4.000000e+000 2.800000e+001 -5.488978e+000 7.125802e+000
1.200000e+001 2.800000e+001 -4.436028e+000 6.578417e+000
2.000000e+001 2.800000e+001 -3.471627e+000 5.792127e+000
2.800000e+001 2.800000e+001 -2.638828e+000 4.905412e+000
3.600000e+001 2.800000e+001 -1.950464e+000 4.011351e+000
4.400000e+001 2.800000e+001 -1.400772e+000 3.167380e+000
5.200000e+001 2.800000e+001 -9.746465e-001 2.404539e+000
6.000000e+001 2.800000e+001 -6.537989e-001 1.736141e+000
6.800000e+001 2.800000e+001 -4.201154e-001 1.164837e+000
7.600000e+001 2.800000e+001 -2.570798e-001 6.876413e-001
8.400000e+001 2.800000e+001 -1.501124e-001 2.991687e-001
9.200000e+001 2.800000e+001 -8.638931e-002 -6.425559e-003
1.000000e+002 2.800000e+001 -5.443912e-002 -2.343080e-001
1.080000e+002 2.800000e+001 -4.362196e-002 -3.881408e-001
1.160000e+002 2.800000e+001 -4.349617e-002 -4.686617e-001
-1.160000e+002 3.600000e+001 -8.635225e-001 -6.391405e+000
-1.080000e+002 3.600000e+001 -1.466986e+000 -6.288954e+000
-1.000000e+002 3.600000e+001 -2.217424e+000 -6.128771e+000
-9.200000e+001 3.600000e+001 -3.008520e+000 -5.906855e+000
-8.400000e+001 3.600000e+001 -3.816464e+000 -5.603424e+000
-7.600000e+001 3.600000e+001 -4.634855e+000 -5.187850e+000
-6.800000e+001 3.600000e+001 -5.459851e+000 -4.617207e+000
-6.000000e+001 3.600000e+001 -6.288137e+000 -3.830419e+000
-5.200000e+001 3.600000e+001 -7.116531e+000 -2.739910e+000
-4.400000e+001 3.600000e+001 -7.926353e+000 -1.237880e+000
-3.600000e+001 3.600000e+001 -8.623783e+000 7.235751e-001
-2.800000e+001 3.600000e+001 -8.971152e+000 2.922606e+000
-2.000000e+001 3.600000e+001 -8.725960e+000 4.789713e+000
-1.200000e+001 3.600000e+001 -7.937635e+000 5.882031e+000
-4.000000e+000 3.600000e+001 -6.860656e+000 6.222413e+000
4.000000e+000 3.600000e+001 -5.705395e+000 6.039669e+000
1.200000e+001 3.600000e+001 -4.592511e+000 5.539476e+000
2.000000e+001 3.600000e+001 -3.586776e+000 4.866788e+000
2.800000e+001 3.600000e+001 -2.719380e+000 4.121657e+000
3.600000e+001 3.600000e+001 -1.999052e+000 3.372271e+000
4.400000e+001 3.600000e+001 -1.420050e+000 2.662359e+000
5.200000e+001 3.600000e+001 -9.686837e-001 2.017009e+000
6.000000e+001 3.600000e+001 -6.280129e-001 1.448124e+000
6.800000e+001 3.600000e+001 -3.806805e-001 9.591524e-001
7.600000e+001 3.600000e+001 -2.102966e-001 5.487182e-001
8.400000e+001 3.600000e+001 -1.019086e-001 2.131366e-001
9.200000e+001 3.600000e+001 -4.196258e-002 -5.196967e-002
1.000000e+002 3.600000e+001 -1.796612e-002 -2.506468e-001
1.080000e+002 3.600000e+001 -1.778707e-002 -3.857878e-001
1.160000e+002 3.600000e+001 -2.786344e-002 -4.575638e-001
-1.160000e+002 4.400000e+001 -1.042572e+000 -5.554381e+000
-1.080000e+002 4.400000e+001 -1.775442e+000 -5.447998e+000
-1.000000e+002 4.400000e+001 -2.675515e+000 -5.283675e+000
-9.200000e+001 4.400000e+001 -3.608210e+000 -5.057964e+000
-8.400000e+001 4.400000e+001 -4.539829e+000 -4.752840e+000
-7.600000e+001 4.400000e+001 -5.457233e+000 -4.341621e+000
-6.800000e+001 4.400000e+001 -6.350490e+000 -3.788823e+000
-6.000000e+001 4.400000e+001 -7.211639e+000 -3.045926e+000
-5.200000e+001 4.400000e+001 -8.034451e+000 -2.044822e+000
-4.400000e+001 4.400000e+001 -8.793115e+000 -7.065312e-001
-3.600000e+001 4.400000e+001 -9.371436e+000 9.788959e-001
-2.800000e+001 4.400000e+001 -9.511603e+000 2.771511e+000
-2.000000e+001 4.400000e+001 -9.025404e+000 4.185387e+000
-1.200000e+001 4.400000e+001 -8.057419e+000 4.936443e+000
-4.000000e+000 4.400000e+001 -6.883716e+000 5.111651e+000
4.000000e+000 4.400000e+001 -5.687221e+000 4.907063e+000
1.200000e+001 4.400000e+001 -4.560572e+000 4.476934e+000
2.000000e+001 4.400000e+001 -3.550833e+000 3.924876e+000
2.800000e+001 4.400000e+001 -2.680290e+000 3.321678e+000
3.600000e+001 4.400000e+001 -1.954714e+000 2.716296e+000
4.400000e+001 4.400000e+001 -1.368711e+000 2.141183e+000
5.200000e+001 4.400000e+001 -9.102284e-001 1.615912e+000
6.000000e+001 4.400000e+001 -5.640446e-001 1.150523e+000
6.800000e+001 4.400000e+001 -3.140640e-001 7.485973e-001
7.600000e+001 4.400000e+001 -1.445838e-001 4.097769e-001
8.400000e+001 4.400000e+001 -4.082657e-002 1.316366e-001
9.200000e+001 4.400000e+001 1.099682e-002 -8.903165e-002
1.000000e+002 4.400000e+001 2.397693e-002 -2.553307e-001
1.080000e+002 4.400000e+001 1.139973e-002 -3.694557e-001
1.160000e+002 4.400000e+001 -1.022780e-002 -4.310649e-001
-1.160000e+002 5.200000e+001 -1.211568e+000 -4.545858e+000
-1.080000e+002 5.200000e+001 -2.056831e+000 -4.446731e+000
-1.000000e+002 5.200000e+001 -3.082972e+000 -4.293309e+000
-9.200000e+001 5.200000e+001 -4.129822e+000 -4.082486e+000
-8.400000e+001 5.200000e+001 -5.153902e+000 -3.799295e+000
-7.600000e+001 5.200000e+001 -6.135035e+000 -3.422175e+000
-6.800000e+001 5.200000e+001 -7.057622e+000 -2.923751e+000
-6.000000e+001 5.200000e+001 -7.910435e+000 -2.268370e+000
-5.200000e+001 5.200000e+001 -8.685499e+000 -1.407901e+000
-4.400000e+001 5.200000e+001 -9.350294e+000 -2.924938e-001
-3.600000e+001 5.200000e+001 -9.771878e+000 1.056880e+000
-2.800000e+001 5.200000e+001 -9.698399e+000 2.413366e+000
-2.000000e+001 5.200000e+001 -9.018343e+000 3.409623e+000
-1.200000e+001 5.200000e+001 -7.939523e+000 3.891616e+000
-4.000000e+000 5.200000e+001 -6.725340e+000 3.961832e+000
4.000000e+000 5.200000e+001 -5.526442e+000 3.769644e+000
1.200000e+001 5.200000e+001 -4.413348e+000 3.423339e+000
2.000000e+001 5.200000e+001 -3.420814e+000 2.993780e+000
2.800000e+001 5.200000e+001 -2.565147e+000 2.529362e+000
3.600000e+001 5.200000e+001 -1.850233e+000 2.064119e+000
4.400000e+001 5.200000e+001 -1.271170e+000 1.621278e+000
5.200000e+001 5.200000e+001 -8.174283e-001 1.215425e+000
6.000000e+001 5.200000e+001 -4.754456e-001 8.544856e-001
6.800000e+001 5.200000e+001 -2.304753e-001 5.416512e-001
7.600000e+001 5.200000e+001 -6.770850e-002 2.770571e-001
8.400000e+001 5.200000e+001 2.718057e-002 5.910238e-002
9.200000e+001 5.200000e+001 6.792104e-002 -1.145837e-001
1.000000e+002 5.200000e+001 6.793796e-002 -2.463974e-001
1.080000e+002 5.200000e+001 4.147386e-002 -3.379508e-001
1.160000e+002 5.200000e+001 7.811154e-003 -3.883820e-001
-1.160000e+002 6.000000e+001 -1.366709e+000 -3.400872e+000
-1.080000e+002 6.000000e+001 -2.298495e+000 -3.322628e+000
-1.000000e+002 6.000000e+001 -3.420028e+000 -3.196058e+000
-9.200000e+001 6.000000e+001 -4.550677e+000 -3.019384e+000
-8.400000e+001 6.000000e+001 -5.637540e+000 -2.782533e+000
-7.600000e+001 6.000000e+001 -6.653490e+000 -2.469661e+000
-6.800000e+001 6.000000e+001 -7.578380e+000 -2.060989e+000
-6.000000e+001 6.000000e+001 -8.399481e+000 -1.532776e+000
-5.200000e+001 6.000000e+001 -9.108305e+000 -8.561988e-001
-4.400000e+001 6.000000e+001 -9.666712e+000 -8.584711e-003
-3.600000e+001 6.000000e+001 -9.932669e+000 9.704166e-001
-2.800000e+001 6.000000e+001 -9.678114e+000 1.896810e+000
-2.000000e+001 6.000000e+001 -8.862482e+000 2.530464e+000
-1.200000e+001 6.000000e+001 -7.722576e+000 2.806902e+000
-4.000000e+000 6.000000e+001 -6.497210e+000 2.815202e+000
4.000000e+000 6.000000e+001 -5.311125e+000 2.656850e+000
1.200000e+001 6.000000e+001 -4.220059e+000 2.401036e+000
2.000000e+001 6.000000e+001 -3.250878e+000 2.092355e+000
2.800000e+001 6.000000e+001 -2.415963e+000 1.761585e+000
3.600000e+001 6.000000e+001 -1.717883e+000 1.430891e+000
4.400000e+001 6.000000e+001 -1.152047e+000 1.115849e+000
5.200000e+001 6.000000e+001 -7.090204e-001 8.265682e-001
6.000000e+001 6.000000e+001 -3.765095e-001 5.687661e-001
6.800000e+001 6.000000e+001 -1.408743e-001 3.448934e-001
7.600000e+001 6.000000e+001 1.187940e-002 1.551828e-001
8.400000e+001 6.000000e+001 9.556911e-002 -1.496025e-003
9.200000e+001 6.000000e+001 1.237151e-001 -1.269833e-001
1.000000e+002 6.000000e+001 1.099082e-001 -2.232553e-001
1.080000e+002 6.000000e+001 6.927318e-002 -2.915849e-001
1.160000e+002 6.000000e+001 2.386781e-002 -3.305682e-001
-1.160000e+002 6.800000e+001 -1.497675e+000 -2.202361e+000
-1.080000e+002 6.800000e+001 -2.483723e+000 -2.155922e+000
-1.000000e+002 6.800000e+001 -3.666728e+000 -2.066352e+000
-9.200000e+001 6.800000e+001 -4.851760e+000 -1.937170e+000
-8.400000e+001 6.800000e+001 -5.976392e+000 -1.764963e+000
-7.600000e+001 6.800000e+001 -7.007102e+000 -1.538840e+000
-6.800000e+001 6.800000e+001 -7.920889e+000 -1.244758e+000
-6.000000e+001 6.800000e+001 -8.705414e+000 -8.688137e-001
-5.200000e+001 6.800000e+001 -9.352994e+000 -3.998675e-001
-4.400000e+001 6.800000e+001 -9.822125e+000 1.607374e-001
-3.600000e+001 6.800000e+001 -9.968672e+000 7.669323e-001
-2.800000e+001 6.800000e+001 -9.590600e+000 1.296160e+000
-2.000000e+001 6.800000e+001 -8.692786e+000 1.625068e+000
-1.200000e+001 6.800000e+001 -7.518671e+000 1.745293e+000
-4.000000e+000 6.800000e+001 -6.288182e+000 1.720239e+000
4.000000e+000 6.800000e+001 -5.111713e+000 1.607354e+000
1.200000e+001 6.800000e+001 -4.037045e+000 1.442703e+000
2.000000e+001 6.800000e+001 -3.086245e+000 1.249354e+000
2.800000e+001 6.800000e+001 -2.268926e+000 1.043924e+000
3.600000e+001 6.800000e+001 -1.586462e+000 8.390114e-001
4.400000e+001 6.800000e+001 -1.034156e+000 6.438485e-001
5.200000e+001 6.800000e+001 -6.030459e-001 4.646225e-001
6.000000e+001 6.800000e+001 -2.815119e-001 3.049221e-001
6.800000e+001 6.800000e+001 -5.656437e-002 1.663105e-001
7.600000e+001 6.800000e+001 8.525431e-002 4.889775e-002
8.400000e+001 6.800000e+001 1.573500e-001 -4.818921e-002
9.200000e+001 6.800000e+001 1.729527e-001 -1.264628e-001
1.000000e+002 6.800000e+001 1.455802e-001 -1.877473e-001
1.080000e+002 6.800000e+001 9.098280e-002 -2.334514e-001
1.160000e+002 6.800000e+001 3.414331e-002 -2.621088e-001
-1.160000e+002 7.600000e+001 -1.578976e+000 -1.182707e+000
-1.080000e+002 7.600000e+001 -2.589100e+000 -1.171328e+000
-1.000000e+002 7.600000e+001 -3.802495e+000 -1.114206e+000
-9.200000e+001 7.600000e+001 -5.016359e+000 -1.030069e+000
-8.400000e+001 7.600000e+001 -6.159301e+000 -9.214201e-001
-7.600000e+001 7.600000e+001 -7.193539e+000 -7.796498e-001
-6.800000e+001 7.600000e+001 -8.095306e+000 -5.936143e-001
-6.000000e+001 7.600000e+001 -8.853985e+000 -3.558897e-001
-5.200000e+001 7.600000e+001 -9.463669e+000 -6.913205e-002
-4.400000e+001 7.600000e+001 -9.882104e+000 2.461773e-001
-3.600000e+001 7.600000e+001 -9.967029e+000 5.437700e-001
-2.800000e+001 7.600000e+001 -9.532039e+000 7.597356e-001
-2.000000e+001 7.600000e+001 -8.596505e+000 8.613431e-001
-1.200000e+001 7.600000e+001 -7.400697e+000 8.736590e-001
-4.000000e+000 7.600000e+001 -6.159581e+000 8.345433e-001
4.000000e+000 7.600000e+001 -4.981246e+000 7.658463e-001
1.200000e+001 7.600000e+001 -3.910860e+000 6.781821e-001
2.000000e+001 7.600000e+001 -2.967785e+000 5.787625e-001
2.800000e+001 7.600000e+001 -2.159661e+000 4.740553e-001
3.600000e+001 7.600000e+001 -1.486750e+000 3.698145e-001
4.400000e+001 7.600000e+001 -9.438636e-001 2.706375e-001
5.200000e+001 7.600000e+001 -5.219162e-001 1.797454e-001
6.000000e+001 7.600000e+001 -2.093457e-001 9.904171e-002
6.800000e+001 7.600000e+001 6.705016e-003 2.933200e-002
7.600000e+001 7.600000e+001 1.395280e-001 -2.942468e-002
8.400000e+001 7.600000e+001 2.023250e-001 -7.792178e-002
9.200000e+001 7.600000e+001 2.080427e-001 -1.174045e-001
1.000000e+002 7.600000e+001 1.698075e-001 -1.495945e-001
1.080000e+002 7.600000e+001 1.030504e-001 -1.762857e-001
1.160000e+002 7.600000e+001 3.394344e-002 -1.973076e-001
#-----------------------------------------
