#x(nm) z(nm) vx vz:
-1.160000e+002 -7.600000e+001 1.057349e+000 -1.061337e+000
-1.080000e+002 -7.600000e+001 1.809532e+000 -1.026058e+000
-1.000000e+002 -7.600000e+001 2.698366e+000 -9.584259e-001
-9.200000e+001 -7.600000e+001 3.565515e+000 -8.783166e-001
-8.400000e+001 -7.600000e+001 4.357204e+000 -7.944433e-001
-7.600000e+001 -7.600000e+001 5.049128e+000 -7.094895e-001
-6.800000e+001 -7.600000e+001 5.627498e+000 -6.240603e-001
-6.000000e+001 -7.600000e+001 6.083080e+000 -5.364806e-001
-5.200000e+001 -7.600000e+001 6.407704e+000 -4.395012e-001
-4.400000e+001 -7.600000e+001 6.590073e+000 -3.123277e-001
-3.600000e+001 -7.600000e+001 6.609269e+000 -1.012346e-001
-2.800000e+001 -7.600000e+001 6.423551e+000 3.303551e-001
-2.000000e+001 -7.600000e+001 5.944186e+000 1.332033e+000
-1.200000e+001 -7.600000e+001 4.924767e+000 3.741256e+000
-4.000000e+000 -7.600000e+001 2.423400e+000 8.409250e+000
4.000000e+000 -7.600000e+001 -2.423400e+000 8.409250e+000
1.200000e+001 -7.600000e+001 -4.924767e+000 3.741256e+000
2.000000e+001 -7.600000e+001 -5.944186e+000 1.332033e+000
2.800000e+001 -7.600000e+001 -6.423551e+000 3.303551e-001
3.600000e+001 -7.600000e+001 -6.609269e+000 -1.012346e-001
4.400000e+001 -7.600000e+001 -6.590073e+000 -3.123277e-001
5.200000e+001 -7.600000e+001 -6.407704e+000 -4.395012e-001
6.000000e+001 -7.600000e+001 -6.083080e+000 -5.364806e-001
6.800000e+001 -7.600000e+001 -5.627498e+000 -6.240603e-001
7.600000e+001 -7.600000e+001 -5.049128e+000 -7.094895e-001
8.400000e+001 -7.600000e+001 -4.357204e+000 -7.944433e-001
9.200000e+001 -7.600000e+001 -3.565515e+000 -8.783166e-001
1.000000e+002 -7.600000e+001 -2.698366e+000 -9.584259e-001
1.080000e+002 -7.600000e+001 -1.809532e+000 -1.026058e+000
1.160000e+002 -7.600000e+001 -1.057349e+000 -1.061337e+000
-1.160000e+002 -6.800000e+001 1.013054e+000 -1.808640e+000
-1.080000e+002 -6.800000e+001 1.729718e+000 -1.747947e+000
-1.000000e+002 -6.800000e+001 2.578972e+000 -1.644933e+000
-9.200000e+001 -6.800000e+001 3.407935e+000 -1.513913e+000
-8.400000e+001 -6.800000e+001 4.165511e+000 -1.364213e+000
-7.600000e+001 -6.800000e+001 4.826133e+000 -1.201193e+000
-6.800000e+001 -6.800000e+001 5.372264e+000 -1.027394e+000
-6.000000e+001 -6.800000e+001 5.788778e+000 -8.409136e-001
-5.200000e+001 -6.800000e+001 6.058750e+000 -6.299646e-001
-4.400000e+001 -6.800000e+001 6.157560e+000 -3.604617e-001
-3.600000e+001 -6.800000e+001 6.043715e+000 5.227286e-002
-2.800000e+001 -6.800000e+001 5.645816e+000 8.070349e-001
-2.000000e+001 -6.800000e+001 4.848000e+000 2.333218e+000
-1.200000e+001 -6.800000e+001 3.478849e+000 5.287362e+000
-4.000000e+000 -6.800000e+001 1.352951e+000 9.154130e+000
4.000000e+000 -6.800000e+001 -1.352951e+000 9.154130e+000
1.200000e+001 -6.800000e+001 -3.478849e+000 5.287362e+000
2.000000e+001 -6.800000e+001 -4.848000e+000 2.333218e+000
2.800000e+001 -6.800000e+001 -5.645816e+000 8.070349e-001
3.600000e+001 -6.800000e+001 -6.043715e+000 5.227286e-002
4.400000e+001 -6.800000e+001 -6.157560e+000 -3.604617e-001
5.200000e+001 -6.800000e+001 -6.058750e+000 -6.299646e-001
6.000000e+001 -6.800000e+001 -5.788778e+000 -8.409136e-001
6.800000e+001 -6.800000e+001 -5.372264e+000 -1.027394e+000
7.600000e+001 -6.800000e+001 -4.826133e+000 -1.201193e+000
8.400000e+001 -6.800000e+001 -4.165511e+000 -1.364213e+000
9.200000e+001 -6.800000e+001 -3.407935e+000 -1.513913e+000
1.000000e+002 -6.800000e+001 -2.578972e+000 -1.644933e+000
1.080000e+002 -6.800000e+001 -1.729718e+000 -1.747947e+000
1.160000e+002 -6.800000e+001 -1.013054e+000 -1.808640e+000
-1.160000e+002 -6.000000e+001 9.269603e-001 -2.677680e+000
-1.080000e+002 -6.000000e+001 1.590901e+000 -2.590034e+000
-1.000000e+002 -6.000000e+001 2.376303e+000 -2.444848e+000
-9.200000e+001 -6.000000e+001 3.141663e+000 -2.254161e+000
-8.400000e+001 -6.000000e+001 3.839269e+000 -2.026262e+000
-7.600000e+001 -6.000000e+001 4.442486e+000 -1.766889e+000
-6.800000e+001 -6.000000e+001 4.929196e+000 -1.478115e+000
-6.000000e+001 -6.000000e+001 5.276473e+000 -1.154364e+000
-5.200000e+001 -6.000000e+001 5.456216e+000 -7.737087e-001
-4.400000e+001 -6.000000e+001 5.429321e+000 -2.805670e-001
-3.600000e+001 -6.000000e+001 5.139157e+000 4.470036e-001
-2.800000e+001 -6.000000e+001 4.511707e+000 1.647535e+000
-2.000000e+001 -6.000000e+001 3.486186e+000 3.686712e+000
-1.200000e+001 -6.000000e+001 2.117423e+000 6.718950e+000
-4.000000e+000 -6.000000e+001 6.813134e-001 9.532711e+000
4.000000e+000 -6.000000e+001 -6.813134e-001 9.532711e+000
1.200000e+001 -6.000000e+001 -2.117423e+000 6.718950e+000
2.000000e+001 -6.000000e+001 -3.486186e+000 3.686712e+000
2.800000e+001 -6.000000e+001 -4.511707e+000 1.647535e+000
3.600000e+001 -6.000000e+001 -5.139157e+000 4.470036e-001
4.400000e+001 -6.000000e+001 -5.429321e+000 -2.805670e-001
5.200000e+001 -6.000000e+001 -5.456216e+000 -7.737087e-001
6.000000e+001 -6.000000e+001 -5.276473e+000 -1.154364e+000
6.800000e+001 -6.000000e+001 -4.929196e+000 -1.478115e+000
7.600000e+001 -6.000000e+001 -4.442486e+000 -1.766889e+000
8.400000e+001 -6.000000e+001 -3.839269e+000 -2.026262e+000
9.200000e+001 -6.000000e+001 -3.141663e+000 -2.254161e+000
1.000000e+002 -6.000000e+001 -2.376303e+000 -2.444848e+000
1.080000e+002 -6.000000e+001 -1.590901e+000 -2.590034e+000
1.160000e+002 -6.000000e+001 -9.269603e-001 -2.677680e+000
-1.160000e+002 -5.200000e+001 8.205220e-001 -3.503474e+000
-1.080000e+002 -5.200000e+001 1.413387e+000 -3.391297e+000
-1.000000e+002 -5.200000e+001 2.114552e+000 -3.205661e+000
-9.200000e+001 -5.200000e+001 2.796479e+000 -2.957073e+000
-8.400000e+001 -5.200000e+001 3.414706e+000 -2.651352e+000
-7.600000e+001 -5.200000e+001 3.941630e+000 -2.291833e+000
-6.800000e+001 -5.200000e+001 4.350993e+000 -1.876899e+000
-6.000000e+001 -5.200000e+001 4.613013e+000 -1.393924e+000
-5.200000e+001 -5.200000e+001 4.691112e+000 -8.082169e-001
-4.400000e+001 -5.200000e+001 4.539398e+000 -4.485941e-002
-3.600000e+001 -5.200000e+001 4.105395e+000 1.035174e+000
-2.800000e+001 -5.200000e+001 3.351656e+000 2.641425e+000
-2.000000e+001 -5.200000e+001 2.319044e+000 4.946621e+000
-1.200000e+001 -5.200000e+001 1.217007e+000 7.685399e+000
-4.000000e+000 -5.200000e+001 3.435976e-001 9.706379e+000
4.000000e+000 -5.200000e+001 -3.435976e-001 9.706379e+000
1.200000e+001 -5.200000e+001 -1.217007e+000 7.685399e+000
2.000000e+001 -5.200000e+001 -2.319044e+000 4.946621e+000
2.800000e+001 -5.200000e+001 -3.351656e+000 2.641425e+000
3.600000e+001 -5.200000e+001 -4.105395e+000 1.035174e+000
4.400000e+001 -5.200000e+001 -4.539398e+000 -4.485941e-002
5.200000e+001 -5.200000e+001 -4.691112e+000 -8.082169e-001
6.000000e+001 -5.200000e+001 -4.613013e+000 -1.393924e+000
6.800000e+001 -5.200000e+001 -4.350993e+000 -1.876899e+000
7.600000e+001 -5.200000e+001 -3.941630e+000 -2.291833e+000
8.400000e+001 -5.200000e+001 -3.414706e+000 -2.651352e+000
9.200000e+001 -5.200000e+001 -2.796479e+000 -2.957073e+000
1.000000e+002 -5.200000e+001 -2.114552e+000 -3.205661e+000
1.080000e+002 -5.200000e+001 -1.413387e+000 -3.391297e+000
1.160000e+002 -5.200000e+001 -8.205220e-001 -3.503474e+000
-1.160000e+002 -4.400000e+001 7.056117e-001 -4.231461e+000
-1.080000e+002 -4.400000e+001 1.214133e+000 -4.100151e+000
-1.000000e+002 -4.400000e+001 1.816188e+000 -3.879483e+000
-9.200000e+001 -4.400000e+001 2.400677e+000 -3.578336e+000
-8.400000e+001 -4.400000e+001 2.926800e+000 -3.199121e+000
-7.600000e+001 -4.400000e+001 3.366675e+000 -2.740741e+000
-6.800000e+001 -4.400000e+001 3.691543e+000 -2.195570e+000
-6.000000e+001 -4.400000e+001 3.867918e+000 -1.542538e+000
-5.200000e+001 -4.400000e+001 3.856688e+000 -7.363064e-001
-4.400000e+001 -4.400000e+001 3.616052e+000 3.057001e-001
-3.600000e+001 -4.400000e+001 3.114629e+000 1.707533e+000
-2.800000e+001 -4.400000e+001 2.365594e+000 3.594088e+000
-2.000000e+001 -4.400000e+001 1.482126e+000 5.935863e+000
-1.200000e+001 -4.400000e+001 6.922497e-001 8.287172e+000
-4.000000e+000 -4.400000e+001 1.778468e-001 9.794482e+000
4.000000e+000 -4.400000e+001 -1.778468e-001 9.794482e+000
1.200000e+001 -4.400000e+001 -6.922497e-001 8.287172e+000
2.000000e+001 -4.400000e+001 -1.482126e+000 5.935863e+000
2.800000e+001 -4.400000e+001 -2.365594e+000 3.594088e+000
3.600000e+001 -4.400000e+001 -3.114629e+000 1.707533e+000
4.400000e+001 -4.400000e+001 -3.616052e+000 3.057001e-001
5.200000e+001 -4.400000e+001 -3.856688e+000 -7.363064e-001
6.000000e+001 -4.400000e+001 -3.867918e+000 -1.542538e+000
6.800000e+001 -4.400000e+001 -3.691543e+000 -2.195570e+000
7.600000e+001 -4.400000e+001 -3.366675e+000 -2.740741e+000
8.400000e+001 -4.400000e+001 -2.926800e+000 -3.199121e+000
9.200000e+001 -4.400000e+001 -2.400677e+000 -3.578336e+000
1.000000e+002 -4.400000e+001 -1.816188e+000 -3.879483e+000
1.080000e+002 -4.400000e+001 -1.214133e+000 -4.100151e+000
1.160000e+002 -4.400000e+001 -7.056117e-001 -4.231461e+000
-1.160000e+002 -3.600000e+001 5.881473e-001 -4.841907e+000
-1.080000e+002 -3.600000e+001 1.005624e+000 -4.696918e+000
-1.000000e+002 -3.600000e+001 1.500396e+000 -4.447834e+000
-9.200000e+001 -3.600000e+001 1.979772e+000 -4.101212e+000
-8.400000e+001 -3.600000e+001 2.407712e+000 -3.655383e+000
-7.600000e+001 -3.600000e+001 2.757551e+000 -3.103722e+000
-6.800000e+001 -3.600000e+001 3.000593e+000 -2.431752e+000
-6.000000e+001 -3.600000e+001 3.103776e+000 -1.610908e+000
-5.200000e+001 -3.600000e+001 3.031527e+000 -5.908312e-001
-4.400000e+001 -3.600000e+001 2.753570e+000 7.040805e-001
-3.600000e+001 -3.600000e+001 2.263635e+000 2.357853e+000
-2.800000e+001 -3.600000e+001 1.611439e+000 4.395566e+000
-2.000000e+001 -3.600000e+001 9.294935e-001 6.649310e+000
-1.200000e+001 -3.600000e+001 3.956604e-001 8.659731e+000
-4.000000e+000 -3.600000e+001 9.408077e-002 9.843721e+000
4.000000e+000 -3.600000e+001 -9.408077e-002 9.843721e+000
1.200000e+001 -3.600000e+001 -3.956604e-001 8.659731e+000
2.000000e+001 -3.600000e+001 -9.294935e-001 6.649310e+000
2.800000e+001 -3.600000e+001 -1.611439e+000 4.395566e+000
3.600000e+001 -3.600000e+001 -2.263635e+000 2.357853e+000
4.400000e+001 -3.600000e+001 -2.753570e+000 7.040805e-001
5.200000e+001 -3.600000e+001 -3.031527e+000 -5.908312e-001
6.000000e+001 -3.600000e+001 -3.103776e+000 -1.610908e+000
6.800000e+001 -3.600000e+001 -3.000593e+000 -2.431752e+000
7.600000e+001 -3.600000e+001 -2.757551e+000 -3.103722e+000
8.400000e+001 -3.600000e+001 -2.407712e+000 -3.655383e+000
9.200000e+001 -3.600000e+001 -1.979772e+000 -4.101212e+000
1.000000e+002 -3.600000e+001 -1.500396e+000 -4.447834e+000
1.080000e+002 -3.600000e+001 -1.005624e+000 -4.696918e+000
1.160000e+002 -3.600000e+001 -5.881473e-001 -4.841907e+000
-1.160000e+002 -2.800000e+001 4.715136e-001 -5.329367e+000
-1.080000e+002 -2.800000e+001 7.963443e-001 -5.175072e+000
-1.000000e+002 -2.800000e+001 1.181354e+000 -4.904072e+000
-9.200000e+001 -2.800000e+001 1.553371e+000 -4.520018e+000
-8.400000e+001 -2.800000e+001 1.882476e+000 -4.016864e+000
-7.600000e+001 -2.800000e+001 2.145155e+000 -3.382266e+000
-6.800000e+001 -2.800000e+001 2.315606e+000 -2.595356e+000
-6.000000e+001 -2.800000e+001 2.364908e+000 -1.622455e+000
-5.200000e+001 -2.800000e+001 2.264870e+000 -4.143138e-001
-4.400000e+001 -2.800000e+001 1.998127e+000 1.086953e+000
-3.600000e+001 -2.800000e+001 1.576482e+000 2.915969e+000
-2.800000e+001 -2.800000e+001 1.062731e+000 5.013245e+000
-2.000000e+001 -2.800000e+001 5.730009e-001 7.141058e+000
-1.200000e+001 -2.800000e+001 2.254397e-001 8.893061e+000
-4.000000e+000 -2.800000e+001 4.970575e-002 9.872983e+000
4.000000e+000 -2.800000e+001 -4.970575e-002 9.872983e+000
1.200000e+001 -2.800000e+001 -2.254397e-001 8.893061e+000
2.000000e+001 -2.800000e+001 -5.730009e-001 7.141058e+000
2.800000e+001 -2.800000e+001 -1.062731e+000 5.013245e+000
3.600000e+001 -2.800000e+001 -1.576482e+000 2.915969e+000
4.400000e+001 -2.800000e+001 -1.998127e+000 1.086953e+000
5.200000e+001 -2.800000e+001 -2.264870e+000 -4.143138e-001
6.000000e+001 -2.800000e+001 -2.364908e+000 -1.622455e+000
6.800000e+001 -2.800000e+001 -2.315606e+000 -2.595356e+000
7.600000e+001 -2.800000e+001 -2.145155e+000 -3.382266e+000
8.400000e+001 -2.800000e+001 -1.882476e+000 -4.016864e+000
9.200000e+001 -2.800000e+001 -1.553371e+000 -4.520018e+000
1.000000e+002 -2.800000e+001 -1.181354e+000 -4.904072e+000
1.080000e+002 -2.800000e+001 -7.963443e-001 -5.175072e+000
1.160000e+002 -2.800000e+001 -4.715136e-001 -5.329367e+000
-1.160000e+002 -2.000000e+001 3.573344e-001 -5.695113e+000
-1.080000e+002 -2.000000e+001 5.908555e-001 -5.534709e+000
-1.000000e+002 -2.000000e+001 8.671533e-001 -5.247721e+000
-9.200000e+001 -2.000000e+001 1.133010e+000 -4.834843e+000
-8.400000e+001 -2.000000e+001 1.365873e+000 -4.285909e+000
-7.600000e+001 -2.000000e+001 1.547275e+000 -3.583436e+000
-6.800000e+001 -2.000000e+001 1.656774e+000 -2.701417e+000
-6.000000e+001 -2.000000e+001 1.672147e+000 -1.603549e+000
-5.200000e+001 -2.000000e+001 1.573792e+000 -2.457217e-001
-4.400000e+001 -2.000000e+001 1.354263e+000 1.408490e+000
-3.600000e+001 -2.000000e+001 1.032517e+000 3.348447e+000
-2.800000e+001 -2.000000e+001 6.654865e-001 5.455737e+000
-2.000000e+001 -2.000000e+001 3.387613e-001 7.467506e+000
-1.200000e+001 -2.000000e+001 1.233488e-001 9.039205e+000
-4.000000e+000 -2.000000e+001 2.476492e-002 9.890806e+000
4.000000e+000 -2.000000e+001 -2.476492e-002 9.890806e+000
1.200000e+001 -2.000000e+001 -1.233488e-001 9.039205e+000
2.000000e+001 -2.000000e+001 -3.387613e-001 7.467506e+000
2.800000e+001 -2.000000e+001 -6.654865e-001 5.455737e+000
3.600000e+001 -2.000000e+001 -1.032517e+000 3.348447e+000
4.400000e+001 -2.000000e+001 -1.354263e+000 1.408490e+000
5.200000e+001 -2.000000e+001 -1.573792e+000 -2.457217e-001
6.000000e+001 -2.000000e+001 -1.672147e+000 -1.603549e+000
6.800000e+001 -2.000000e+001 -1.656774e+000 -2.701417e+000
7.600000e+001 -2.000000e+001 -1.547275e+000 -3.583436e+000
8.400000e+001 -2.000000e+001 -1.365873e+000 -4.285909e+000
9.200000e+001 -2.000000e+001 -1.133010e+000 -4.834843e+000
1.000000e+002 -2.000000e+001 -8.671533e-001 -5.247721e+000
1.080000e+002 -2.000000e+001 -5.908555e-001 -5.534709e+000
1.160000e+002 -2.000000e+001 -3.573344e-001 -5.695113e+000
-1.160000e+002 -1.200000e+001 2.455163e-001 -5.943021e+000
-1.080000e+002 -1.200000e+001 3.899268e-001 -5.778779e+000
-1.000000e+002 -1.200000e+001 5.597283e-001 -5.481141e+000
-9.200000e+001 -1.200000e+001 7.217496e-001 -5.048411e+000
-8.400000e+001 -1.200000e+001 8.617782e-001 -4.467133e+000
-7.600000e+001 -1.200000e+001 9.679126e-001 -3.715864e+000
-6.800000e+001 -1.200000e+001 1.026883e+000 -2.764980e+000
-6.000000e+001 -1.200000e+001 1.024568e+000 -1.577234e+000
-5.200000e+001 -1.200000e+001 9.495289e-001 -1.145120e-001
-4.400000e+001 -1.200000e+001 7.998732e-001 1.640961e+000
-3.600000e+001 -1.200000e+001 5.921995e-001 3.645045e+000
-2.800000e+001 -1.200000e+001 3.663958e-001 5.743918e+000
-2.000000e+001 -1.200000e+001 1.753749e-001 7.670318e+000
-1.200000e+001 -1.200000e+001 5.716787e-002 9.127071e+000
-4.000000e+000 -1.200000e+001 9.498081e-003 9.901369e+000
4.000000e+000 -1.200000e+001 -9.498081e-003 9.901369e+000
1.200000e+001 -1.200000e+001 -5.716787e-002 9.127071e+000
2.000000e+001 -1.200000e+001 -1.753749e-001 7.670318e+000
2.800000e+001 -1.200000e+001 -3.663958e-001 5.743918e+000
3.600000e+001 -1.200000e+001 -5.921995e-001 3.645045e+000
4.400000e+001 -1.200000e+001 -7.998732e-001 1.640961e+000
5.200000e+001 -1.200000e+001 -9.495289e-001 -1.145120e-001
6.000000e+001 -1.200000e+001 -1.024568e+000 -1.577234e+000
6.800000e+001 -1.200000e+001 -1.026883e+000 -2.764980e+000
7.600000e+001 -1.200000e+001 -9.679126e-001 -3.715864e+000
8.400000e+001 -1.200000e+001 -8.617782e-001 -4.467133e+000
9.200000e+001 -1.200000e+001 -7.217496e-001 -5.048411e+000
1.000000e+002 -1.200000e+001 -5.597283e-001 -5.481141e+000
1.080000e+002 -1.200000e+001 -3.899268e-001 -5.778779e+000
1.160000e+002 -1.200000e+001 -2.455163e-001 -5.943021e+000
-1.160000e+002 -4.000000e+000 1.344387e-001 -6.076772e+000
-1.080000e+002 -4.000000e+000 1.911375e-001 -5.910349e+000
-1.000000e+002 -4.000000e+000 2.558482e-001 -5.606973e+000
-9.200000e+001 -4.000000e+000 3.155073e-001 -5.163607e+000
-8.400000e+001 -4.000000e+000 3.648951e-001 -4.564818e+000
-7.600000e+001 -4.000000e+000 3.996882e-001 -3.786767e+000
-6.800000e+001 -4.000000e+000 4.149183e-001 -2.797724e+000
-6.000000e+001 -4.000000e+000 4.052556e-001 -1.560137e+000
-5.200000e+001 -4.000000e+000 3.666395e-001 -3.991576e-002
-4.400000e+001 -4.000000e+000 2.992972e-001 1.769421e+000
-3.600000e+001 -4.000000e+000 2.113838e-001 3.805041e+000
-2.800000e+001 -4.000000e+000 1.203669e-001 5.895672e+000
-2.000000e+001 -4.000000e+000 4.788746e-002 7.774957e+000
-1.200000e+001 -4.000000e+000 8.173025e-003 9.171859e+000
-4.000000e+000 -4.000000e+000 -1.303322e-003 9.906731e+000
4.000000e+000 -4.000000e+000 1.303322e-003 9.906731e+000
1.200000e+001 -4.000000e+000 -8.173025e-003 9.171859e+000
2.000000e+001 -4.000000e+000 -4.788746e-002 7.774957e+000
2.800000e+001 -4.000000e+000 -1.203669e-001 5.895672e+000
3.600000e+001 -4.000000e+000 -2.113838e-001 3.805041e+000
4.400000e+001 -4.000000e+000 -2.992972e-001 1.769421e+000
5.200000e+001 -4.000000e+000 -3.666395e-001 -3.991576e-002
6.000000e+001 -4.000000e+000 -4.052556e-001 -1.560137e+000
6.800000e+001 -4.000000e+000 -4.149183e-001 -2.797724e+000
7.600000e+001 -4.000000e+000 -3.996882e-001 -3.786767e+000
8.400000e+001 -4.000000e+000 -3.648951e-001 -4.564818e+000
9.200000e+001 -4.000000e+000 -3.155073e-001 -5.163607e+000
1.000000e+002 -4.000000e+000 -2.558482e-001 -5.606973e+000
1.080000e+002 -4.000000e+000 -1.911375e-001 -5.910349e+000
1.160000e+002 -4.000000e+000 -1.344387e-001 -6.076772e+000
-1.160000e+002 4.000000e+000 2.146234e-002 -6.097951e+000
-1.080000e+002 4.000000e+000 -9.990573e-003 -5.930700e+000
-1.000000e+002 4.000000e+000 -5.100698e-002 -5.626296e+000
-9.200000e+001 4.000000e+000 -9.431305e-002 -5.181696e+000
-8.400000e+001 4.000000e+000 -1.358069e-001 -4.581079e+000
-7.600000e+001 4.000000e+000 -1.717753e-001 -3.799989e+000
-6.800000e+001 4.000000e+000 -1.983604e-001 -2.806062e+000
-6.000000e+001 4.000000e+000 -2.117381e-001 -1.561398e+000
-5.200000e+001 4.000000e+000 -2.088232e-001 -3.228103e-002
-4.400000e+001 4.000000e+000 -1.885777e-001 1.786211e+000
-3.600000e+001 4.000000e+000 -1.536298e-001 3.828367e+000
-2.800000e+001 4.000000e+000 -1.109275e-001 5.919680e+000
-2.000000e+001 4.000000e+000 -6.958040e-002 7.792777e+000
-1.200000e+001 4.000000e+000 -3.610128e-002 9.179976e+000
-4.000000e+000 4.000000e+000 -1.090405e-002 9.907740e+000
4.000000e+000 4.000000e+000 1.090405e-002 9.907740e+000
1.200000e+001 4.000000e+000 3.610128e-002 9.179976e+000
2.000000e+001 4.000000e+000 6.958040e-002 7.792777e+000
2.800000e+001 4.000000e+000 1.109275e-001 5.919680e+000
3.600000e+001 4.000000e+000 1.536298e-001 3.828367e+000
4.400000e+001 4.000000e+000 1.885777e-001 1.786211e+000
5.200000e+001 4.000000e+000 2.088232e-001 -3.228103e-002
6.000000e+001 4.000000e+000 2.117381e-001 -1.561398e+000
6.800000e+001 4.000000e+000 1.983604e-001 -2.806062e+000
7.600000e+001 4.000000e+000 1.717753e-001 -3.799989e+000
8.400000e+001 4.000000e+000 1.358069e-001 -4.581079e+000
9.200000e+001 4.000000e+000 9.431305e-002 -5.181696e+000
1.000000e+002 4.000000e+000 5.100698e-002 -5.626296e+000
1.080000e+002 4.000000e+000 9.990573e-003 -5.930700e+000
1.160000e+002 4.000000e+000 -2.146234e-002 -6.097951e+000
-1.160000e+002 1.200000e+001 -9.631759e-002 -6.005057e+000
-1.080000e+002 1.200000e+001 -2.184835e-001 -5.838329e+000
-1.000000e+002 1.200000e+001 -3.682003e-001 -5.537676e+000
-9.200000e+001 1.200000e+001 -5.174093e-001 -5.101401e+000
-8.400000e+001 1.200000e+001 -6.527040e-001 -4.514923e+000
-7.600000e+001 1.200000e+001 -7.624744e-001 -3.755022e+000
-6.800000e+001 1.200000e+001 -8.341263e-001 -2.790234e+000
-6.000000e+001 1.200000e+001 -8.545278e-001 -1.582282e+000
-5.200000e+001 1.200000e+001 -8.128208e-001 -9.402424e-002
-4.400000e+001 1.200000e+001 -7.059340e-001 1.688044e+000
-3.600000e+001 1.200000e+001 -5.458185e-001 3.711668e+000
-2.800000e+001 1.200000e+001 -3.633261e-001 5.813492e+000
-2.000000e+001 1.200000e+001 -2.000118e-001 7.722591e+000
-1.200000e+001 1.200000e+001 -8.625131e-002 9.151082e+000
-4.000000e+000 1.200000e+001 -2.200405e-002 9.904364e+000
4.000000e+000 1.200000e+001 2.200405e-002 9.904364e+000
1.200000e+001 1.200000e+001 8.625131e-002 9.151082e+000
2.000000e+001 1.200000e+001 2.000118e-001 7.722591e+000
2.800000e+001 1.200000e+001 3.633261e-001 5.813492e+000
3.600000e+001 1.200000e+001 5.458185e-001 3.711668e+000
4.400000e+001 1.200000e+001 7.059340e-001 1.688044e+000
5.200000e+001 1.200000e+001 8.128208e-001 -9.402424e-002
6.000000e+001 1.200000e+001 8.545278e-001 -1.582282e+000
6.800000e+001 1.200000e+001 8.341263e-001 -2.790234e+000
7.600000e+001 1.200000e+001 7.624744e-001 -3.755022e+000
8.400000e+001 1.200000e+001 6.527040e-001 -4.514923e+000
9.200000e+001 1.200000e+001 5.174093e-001 -5.101401e+000
1.000000e+002 1.200000e+001 3.682003e-001 -5.537676e+000
1.080000e+002 1.200000e+001 2.184835e-001 -5.838329e+000
1.160000e+002 1.200000e+001 9.631759e-002 -6.005057e+000
-1.160000e+002 2.000000e+001 -2.212067e-001 -5.793485e+000
-1.080000e+002 2.000000e+001 -4.382312e-001 -5.628966e+000
-1.000000e+002 2.000000e+001 -7.012502e-001 -5.337206e+000
-9.200000e+001 2.000000e+001 -9.608677e-001 -4.918952e+000
-8.400000e+001 2.000000e+001 -1.194795e+000 -4.362270e+000
-7.600000e+001 2.000000e+001 -1.384332e+000 -3.646922e+000
-6.800000e+001 2.000000e+001 -1.508984e+000 -2.744062e+000
-6.000000e+001 2.000000e+001 -1.546611e+000 -1.615734e+000
-5.200000e+001 2.000000e+001 -1.477437e+000 -2.190249e-001
-4.400000e+001 2.000000e+001 -1.292839e+000 1.476571e+000
-3.600000e+001 2.000000e+001 -1.008524e+000 3.448604e+000
-2.800000e+001 2.000000e+001 -6.750634e-001 5.563535e+000
-2.000000e+001 2.000000e+001 -3.691538e-001 7.550637e+000
-1.200000e+001 2.000000e+001 -1.545869e-001 9.078104e+000
-4.000000e+000 2.000000e+001 -3.780267e-002 9.895701e+000
4.000000e+000 2.000000e+001 3.780267e-002 9.895701e+000
1.200000e+001 2.000000e+001 1.545869e-001 9.078104e+000
2.000000e+001 2.000000e+001 3.691538e-001 7.550637e+000
2.800000e+001 2.000000e+001 6.750634e-001 5.563535e+000
3.600000e+001 2.000000e+001 1.008524e+000 3.448604e+000
4.400000e+001 2.000000e+001 1.292839e+000 1.476571e+000
5.200000e+001 2.000000e+001 1.477437e+000 -2.190249e-001
6.000000e+001 2.000000e+001 1.546611e+000 -1.615734e+000
6.800000e+001 2.000000e+001 1.508984e+000 -2.744062e+000
7.600000e+001 2.000000e+001 1.384332e+000 -3.646922e+000
8.400000e+001 2.000000e+001 1.194795e+000 -4.362270e+000
9.200000e+001 2.000000e+001 9.608677e-001 -4.918952e+000
1.000000e+002 2.000000e+001 7.012502e-001 -5.337206e+000
1.080000e+002 2.000000e+001 4.382312e-001 -5.628966e+000
1.160000e+002 2.000000e+001 2.212067e-001 -5.793485e+000
-1.160000e+002 2.800000e+001 -3.540890e-001 -5.456548e+000
-1.080000e+002 2.800000e+001 -6.703694e-001 -5.296656e+000
-1.000000e+002 2.800000e+001 -1.051269e+000 -5.019611e+000
-9.200000e+001 2.800000e+001 -1.425671e+000 -4.629168e+000
-8.400000e+001 2.800000e+001 -1.763285e+000 -4.116981e+000
-7.600000e+001 2.800000e+001 -2.039821e+000 -3.467217e+000
-6.800000e+001 2.800000e+001 -2.228628e+000 -2.655479e+000
-6.000000e+001 2.800000e+001 -2.299827e+000 -1.645984e+000
-5.200000e+001 2.800000e+001 -2.224059e+000 -3.905493e-001
-4.400000e+001 2.800000e+001 -1.982511e+000 1.162471e+000
-3.600000e+001 2.800000e+001 -1.585006e+000 3.034503e+000
-2.800000e+001 2.800000e+001 -1.091151e+000 5.147121e+000
-2.000000e+001 2.800000e+001 -6.119028e-001 7.248864e+000
-1.200000e+001 2.800000e+001 -2.596551e-001 8.945171e+000
-4.000000e+000 2.800000e+001 -6.341797e-002 9.879647e+000
4.000000e+000 2.800000e+001 6.341797e-002 9.879647e+000
1.200000e+001 2.800000e+001 2.596551e-001 8.945171e+000
2.000000e+001 2.800000e+001 6.119028e-001 7.248864e+000
2.800000e+001 2.800000e+001 1.091151e+000 5.147121e+000
3.600000e+001 2.800000e+001 1.585006e+000 3.034503e+000
4.400000e+001 2.800000e+001 1.982511e+000 1.162471e+000
5.200000e+001 2.800000e+001 2.224059e+000 -3.905493e-001
6.000000e+001 2.800000e+001 2.299827e+000 -1.645984e+000
6.800000e+001 2.800000e+001 2.228628e+000 -2.655479e+000
7.600000e+001 2.800000e+001 2.039821e+000 -3.467217e+000
8.400000e+001 2.800000e+001 1.763285e+000 -4.116981e+000
9.200000e+001 2.800000e+001 1.425671e+000 -4.629168e+000
1.000000e+002 2.800000e+001 1.051269e+000 -5.019611e+000
1.080000e+002 2.800000e+001 6.703694e-001 -5.296656e+000
1.160000e+002 2.800000e+001 3.540890e-001 -5.456548e+000
-1.160000e+002 3.600000e+001 -4.938226e-001 -4.987623e+000
-1.080000e+002 3.600000e+001 -9.120142e-001 -4.835953e+000
-1.000000e+002 3.600000e+001 -1.412995e+000 -4.580371e+000
-9.200000e+001 3.600000e+001 -1.904095e+000 -4.227497e+000
-8.400000e+001 3.600000e+001 -2.348330e+000 -3.772894e+000
-7.600000e+001 3.600000e+001 -2.717856e+000 -3.205957e+000
-6.800000e+001 3.600000e+001 -2.982511e+000 -2.508354e+000
-6.000000e+001 3.600000e+001 -3.107389e+000 -1.649253e+000
-5.200000e+001 3.600000e+001 -3.054805e+000 -5.791263e-001
-4.400000e+001 3.600000e+001 -2.792488e+000 7.720937e-001
-3.600000e+001 3.600000e+001 -2.312776e+000 2.476298e+000
-2.800000e+001 3.600000e+001 -1.664727e+000 4.538971e+000
-2.000000e+001 3.600000e+001 -9.799555e-001 6.772559e+000
-1.200000e+001 3.600000e+001 -4.337218e-001 8.722588e+000
-4.000000e+000 3.600000e+001 -1.085705e-001 9.851989e+000
4.000000e+000 3.600000e+001 1.085705e-001 9.851989e+000
1.200000e+001 3.600000e+001 4.337218e-001 8.722588e+000
2.000000e+001 3.600000e+001 9.799555e-001 6.772559e+000
2.800000e+001 3.600000e+001 1.664727e+000 4.538971e+000
3.600000e+001 3.600000e+001 2.312776e+000 2.476298e+000
4.400000e+001 3.600000e+001 2.792488e+000 7.720937e-001
5.200000e+001 3.600000e+001 3.054805e+000 -5.791263e-001
6.000000e+001 3.600000e+001 3.107389e+000 -1.649253e+000
6.800000e+001 3.600000e+001 2.982511e+000 -2.508354e+000
7.600000e+001 3.600000e+001 2.717856e+000 -3.205957e+000
8.400000e+001 3.600000e+001 2.348330e+000 -3.772894e+000
9.200000e+001 3.600000e+001 1.904095e+000 -4.227497e+000
1.000000e+002 3.600000e+001 1.412995e+000 -4.580371e+000
1.080000e+002 3.600000e+001 9.120142e-001 -4.835953e+000
1.160000e+002 3.600000e+001 4.938226e-001 -4.987623e+000
-1.160000e+002 4.400000e+001 -6.369782e-001 -4.383448e+000
-1.080000e+002 4.400000e+001 -1.155622e+000 -4.245120e+000
-1.000000e+002 4.400000e+001 -1.773910e+000 -4.018670e+000
-9.200000e+001 4.400000e+001 -2.378750e+000 -3.712792e+000
-8.400000e+001 4.400000e+001 -2.927977e+000 -3.326681e+000
-7.600000e+001 4.400000e+001 -3.392329e+000 -2.854971e+000
-6.800000e+001 4.400000e+001 -3.741248e+000 -2.286174e+000
-6.000000e+001 4.400000e+001 -3.938905e+000 -1.597116e+000
-5.200000e+001 4.400000e+001 -3.943527e+000 -7.432401e-001
-4.400000e+001 4.400000e+001 -3.710879e+000 3.534804e-001
-3.600000e+001 4.400000e+001 -3.208104e+000 1.807588e+000
-2.800000e+001 4.400000e+001 -2.448654e+000 3.727489e+000
-2.000000e+001 4.400000e+001 -1.547852e+000 6.061561e+000
-1.200000e+001 4.400000e+001 -7.355955e-001 8.357045e+000
-4.000000e+000 4.400000e+001 -1.933416e-001 9.804161e+000
4.000000e+000 4.400000e+001 1.933416e-001 9.804161e+000
1.200000e+001 4.400000e+001 7.355955e-001 8.357045e+000
2.000000e+001 4.400000e+001 1.547852e+000 6.061561e+000
2.800000e+001 4.400000e+001 2.448654e+000 3.727489e+000
3.600000e+001 4.400000e+001 3.208104e+000 1.807588e+000
4.400000e+001 4.400000e+001 3.710879e+000 3.534804e-001
5.200000e+001 4.400000e+001 3.943527e+000 -7.432401e-001
6.000000e+001 4.400000e+001 3.938905e+000 -1.597116e+000
6.800000e+001 4.400000e+001 3.741248e+000 -2.286174e+000
7.600000e+001 4.400000e+001 3.392329e+000 -2.854971e+000
8.400000e+001 4.400000e+001 2.927977e+000 -3.326681e+000
9.200000e+001 4.400000e+001 2.378750e+000 -3.712792e+000
1.000000e+002 4.400000e+001 1.773910e+000 -4.018670e+000
1.080000e+002 4.400000e+001 1.155622e+000 -4.245120e+000
1.160000e+002 4.400000e+001 6.369782e-001 -4.383448e+000
-1.160000e+002 5.200000e+001 -7.777582e-001 -3.648872e+000
-1.080000e+002 5.200000e+001 -1.388992e+000 -3.530401e+000
-1.000000e+002 5.200000e+001 -2.114761e+000 -3.341041e+000
-9.200000e+001 5.200000e+001 -2.823823e+000 -3.090626e+000
-8.400000e+001 5.200000e+001 -3.470082e+000 -2.781332e+000
-7.600000e+001 5.200000e+001 -4.024473e+000 -2.412105e+000
-6.800000e+001 5.200000e+001 -4.458800e+000 -1.977662e+000
-6.000000e+001 5.200000e+001 -4.740811e+000 -1.463642e+000
-5.200000e+001 5.200000e+001 -4.831285e+000 -8.363330e-001
-4.400000e+001 5.200000e+001 -4.682062e+000 -2.474707e-002
-3.600000e+001 5.200000e+001 -4.239259e+000 1.103195e+000
-2.800000e+001 5.200000e+001 -3.465437e+000 2.745870e+000
-2.000000e+001 5.200000e+001 -2.403755e+000 5.057836e+000
-1.200000e+001 5.200000e+001 -1.268371e+000 7.756100e+000
-4.000000e+000 5.200000e+001 -3.608036e-001 9.717212e+000
4.000000e+000 5.200000e+001 3.608036e-001 9.717212e+000
1.200000e+001 5.200000e+001 1.268371e+000 7.756100e+000
2.000000e+001 5.200000e+001 2.403755e+000 5.057836e+000
2.800000e+001 5.200000e+001 3.465437e+000 2.745870e+000
3.600000e+001 5.200000e+001 4.239259e+000 1.103195e+000
4.400000e+001 5.200000e+001 4.682062e+000 -2.474707e-002
5.200000e+001 5.200000e+001 4.831285e+000 -8.363330e-001
6.000000e+001 5.200000e+001 4.740811e+000 -1.463642e+000
6.800000e+001 5.200000e+001 4.458800e+000 -1.977662e+000
7.600000e+001 5.200000e+001 4.024473e+000 -2.412105e+000
8.400000e+001 5.200000e+001 3.470082e+000 -2.781332e+000
9.200000e+001 5.200000e+001 2.823823e+000 -3.090626e+000
1.000000e+002 5.200000e+001 2.114761e+000 -3.341041e+000
1.080000e+002 5.200000e+001 1.388992e+000 -3.530401e+000
1.160000e+002 5.200000e+001 7.777582e-001 -3.648872e+000
-1.160000e+002 6.000000e+001 -9.071165e-001 -2.805055e+000
-1.080000e+002 6.000000e+001 -1.595421e+000 -2.712893e+000
-1.000000e+002 6.000000e+001 -2.411321e+000 -2.567139e+000
-9.200000e+001 6.000000e+001 -3.208344e+000 -2.378522e+000
-8.400000e+001 6.000000e+001 -3.936930e+000 -2.151351e+000
-7.600000e+001 6.000000e+001 -4.568861e+000 -1.887028e+000
-6.800000e+001 6.000000e+001 -5.079928e+000 -1.584264e+000
-6.000000e+001 6.000000e+001 -5.444721e+000 -1.236092e+000
-5.200000e+001 6.000000e+001 -5.632860e+000 -8.217542e-001
-4.400000e+001 6.000000e+001 -5.603776e+000 -2.893537e-001
-3.600000e+001 6.000000e+001 -5.300425e+000 4.775076e-001
-2.800000e+001 6.000000e+001 -4.649202e+000 1.710505e+000
-2.000000e+001 6.000000e+001 -3.590332e+000 3.765426e+000
-1.200000e+001 6.000000e+001 -2.180991e+000 6.779792e+000
-4.000000e+000 6.000000e+001 -7.021648e-001 9.544183e+000
4.000000e+000 6.000000e+001 7.021648e-001 9.544183e+000
1.200000e+001 6.000000e+001 2.180991e+000 6.779792e+000
2.000000e+001 6.000000e+001 3.590332e+000 3.765426e+000
2.800000e+001 6.000000e+001 4.649202e+000 1.710505e+000
3.600000e+001 6.000000e+001 5.300425e+000 4.775076e-001
4.400000e+001 6.000000e+001 5.603776e+000 -2.893537e-001
5.200000e+001 6.000000e+001 5.632860e+000 -8.217542e-001
6.000000e+001 6.000000e+001 5.444721e+000 -1.236092e+000
6.800000e+001 6.000000e+001 5.079928e+000 -1.584264e+000
7.600000e+001 6.000000e+001 4.568861e+000 -1.887028e+000
8.400000e+001 6.000000e+001 3.936930e+000 -2.151351e+000
9.200000e+001 6.000000e+001 3.208344e+000 -2.378522e+000
1.000000e+002 6.000000e+001 2.411321e+000 -2.567139e+000
1.080000e+002 6.000000e+001 1.595421e+000 -2.712893e+000
1.160000e+002 6.000000e+001 9.071165e-001 -2.805055e+000
-1.160000e+002 6.800000e+001 -1.009082e+000 -1.910608e+000
-1.080000e+002 6.800000e+001 -1.753627e+000 -1.847543e+000
-1.000000e+002 6.800000e+001 -2.636934e+000 -1.747442e+000
-9.200000e+001 6.800000e+001 -3.500285e+000 -1.622552e+000
-8.400000e+001 6.800000e+001 -4.290558e+000 -1.478044e+000
-7.600000e+001 6.800000e+001 -4.980358e+000 -1.315229e+000
-6.800000e+001 6.800000e+001 -5.549718e+000 -1.133663e+000
-6.000000e+001 6.800000e+001 -5.980866e+000 -9.302328e-001
-5.200000e+001 6.800000e+001 -6.254869e+000 -6.941812e-001
-4.400000e+001 6.800000e+001 -6.346521e+000 -3.947083e-001
-3.600000e+001 6.800000e+001 -6.215396e+000 4.796089e-002
-2.800000e+001 6.800000e+001 -5.792366e+000 8.274346e-001
-2.000000e+001 6.800000e+001 -4.963737e+000 2.368883e+000
-1.200000e+001 6.800000e+001 -3.557191e+000 5.323189e+000
-4.000000e+000 6.800000e+001 -1.381947e+000 9.164433e+000
4.000000e+000 6.800000e+001 1.381947e+000 9.164433e+000
1.200000e+001 6.800000e+001 3.557191e+000 5.323189e+000
2.000000e+001 6.800000e+001 4.963737e+000 2.368883e+000
2.800000e+001 6.800000e+001 5.792366e+000 8.274346e-001
3.600000e+001 6.800000e+001 6.215396e+000 4.796089e-002
4.400000e+001 6.800000e+001 6.346521e+000 -3.947083e-001
5.200000e+001 6.800000e+001 6.254869e+000 -6.941812e-001
6.000000e+001 6.800000e+001 5.980866e+000 -9.302328e-001
6.800000e+001 6.800000e+001 5.549718e+000 -1.133663e+000
7.600000e+001 6.800000e+001 4.980358e+000 -1.315229e+000
8.400000e+001 6.800000e+001 4.290558e+000 -1.478044e+000
9.200000e+001 6.800000e+001 3.500285e+000 -1.622552e+000
1.000000e+002 6.800000e+001 2.636934e+000 -1.747442e+000
1.080000e+002 6.800000e+001 1.753627e+000 -1.847543e+000
1.160000e+002 6.800000e+001 1.009082e+000 -1.910608e+000
-1.160000e+002 7.600000e+001 -1.057908e+000 -1.138821e+000
-1.080000e+002 7.600000e+001 -1.840493e+000 -1.102594e+000
-1.000000e+002 7.600000e+001 -2.765505e+000 -1.040610e+000
-9.200000e+001 7.600000e+001 -3.668775e+000 -9.696197e-001
-8.400000e+001 7.600000e+001 -4.494573e+000 -8.942748e-001
-7.600000e+001 7.600000e+001 -5.216477e+000 -8.137323e-001
-6.800000e+001 7.600000e+001 -5.817811e+000 -7.260460e-001
-6.000000e+001 7.600000e+001 -6.286353e+000 -6.283661e-001
-5.200000e+001 7.600000e+001 -6.611927e+000 -5.140308e-001
-4.400000e+001 7.600000e+001 -6.783075e+000 -3.647628e-001
-3.600000e+001 7.600000e+001 -6.780873e+000 -1.309647e-001
-2.800000e+001 7.600000e+001 -6.567461e+000 3.192570e-001
-2.000000e+001 7.600000e+001 -6.059025e+000 1.332142e+000
-1.200000e+001 7.600000e+001 -5.011608e+000 3.745430e+000
-4.000000e+000 7.600000e+001 -2.466783e+000 8.412754e+000
4.000000e+000 7.600000e+001 2.466783e+000 8.412754e+000
1.200000e+001 7.600000e+001 5.011608e+000 3.745430e+000
2.000000e+001 7.600000e+001 6.059025e+000 1.332142e+000
2.800000e+001 7.600000e+001 6.567461e+000 3.192570e-001
3.600000e+001 7.600000e+001 6.780873e+000 -1.309647e-001
4.400000e+001 7.600000e+001 6.783075e+000 -3.647628e-001
5.200000e+001 7.600000e+001 6.611927e+000 -5.140308e-001
6.000000e+001 7.600000e+001 6.286353e+000 -6.283661e-001
6.800000e+001 7.600000e+001 5.817811e+000 -7.260460e-001
7.600000e+001 7.600000e+001 5.216477e+000 -8.137323e-001
8.400000e+001 7.600000e+001 4.494573e+000 -8.942748e-001
9.200000e+001 7.600000e+001 3.668775e+000 -9.696197e-001
1.000000e+002 7.600000e+001 2.765505e+000 -1.040610e+000
1.080000e+002 7.600000e+001 1.840493e+000 -1.102594e+000
1.160000e+002 7.600000e+001 1.057908e+000 -1.138821e+000
#-----------------------------------------
