#x(nm) z(nm) vx vz:
-1.160000e+002 -5.500000e+000 1.594816e+000 2.007959e-001
-1.080000e+002 -5.500000e+000 1.982458e+000 1.715630e-001
-1.000000e+002 -5.500000e+000 2.429412e+000 1.857597e-001
-9.200000e+001 -5.500000e+000 2.880125e+000 2.085283e-001
-8.400000e+001 -5.500000e+000 3.324159e+000 2.268498e-001
-7.600000e+001 -5.500000e+000 3.759870e+000 2.387671e-001
-6.800000e+001 -5.500000e+000 4.190951e+000 2.464144e-001
-6.000000e+001 -5.500000e+000 4.627590e+000 2.512019e-001
-5.200000e+001 -5.500000e+000 5.089605e+000 2.516054e-001
-4.400000e+001 -5.500000e+000 5.612070e+000 2.443621e-001
-3.600000e+001 -5.500000e+000 6.250728e+000 2.277560e-001
-2.800000e+001 -5.500000e+000 7.081381e+000 2.003894e-001
-2.000000e+001 -5.500000e+000 8.170031e+000 1.486546e-001
-1.200000e+001 -5.500000e+000 9.394550e+000 4.034133e-002
-4.000000e+000 -5.500000e+000 9.996470e+000 -1.106382e-001
4.000000e+000 -5.500000e+000 9.197194e+000 -1.883934e-001
1.200000e+001 -5.500000e+000 7.783145e+000 -1.669984e-001
2.000000e+001 -5.500000e+000 6.512102e+000 -1.051442e-001
2.800000e+001 -5.500000e+000 5.507884e+000 -5.079340e-002
3.600000e+001 -5.500000e+000 4.719005e+000 -1.999784e-002
4.400000e+001 -5.500000e+000 4.090203e+000 -8.736774e-003
5.200000e+001 -5.500000e+000 3.578892e+000 -6.711035e-003
6.000000e+001 -5.500000e+000 3.150917e+000 -6.636693e-003
6.800000e+001 -5.500000e+000 2.780364e+000 -6.347369e-003
7.600000e+001 -5.500000e+000 2.449459e+000 -6.440037e-003
8.400000e+001 -5.500000e+000 2.146093e+000 -8.010675e-003
9.200000e+001 -5.500000e+000 1.860781e+000 -1.187129e-002
1.000000e+002 -5.500000e+000 1.585231e+000 -1.856668e-002
1.080000e+002 -5.500000e+000 1.315131e+000 -3.036535e-002
1.160000e+002 -5.500000e+000 1.074256e+000 -6.011586e-002
-1.160000e+002 -4.500000e+000 1.591826e+000 1.902737e-001
-1.080000e+002 -4.500000e+000 1.981886e+000 1.637983e-001
-1.000000e+002 -4.500000e+000 2.429097e+000 1.786954e-001
-9.200000e+001 -4.500000e+000 2.879874e+000 2.017022e-001
-8.400000e+001 -4.500000e+000 3.323991e+000 2.201525e-001
-7.600000e+001 -4.500000e+000 3.759802e+000 2.321249e-001
-6.800000e+001 -4.500000e+000 4.191000e+000 2.397171e-001
-6.000000e+001 -4.500000e+000 4.627795e+000 2.442651e-001
-5.200000e+001 -4.500000e+000 5.090023e+000 2.441309e-001
-4.400000e+001 -4.500000e+000 5.612735e+000 2.359204e-001
-3.600000e+001 -4.500000e+000 6.251583e+000 2.178759e-001
-2.800000e+001 -4.500000e+000 7.082199e+000 1.889392e-001
-2.000000e+001 -4.500000e+000 8.170387e+000 1.368534e-001
-1.200000e+001 -4.500000e+000 9.394389e+000 3.226410e-002
-4.000000e+000 -4.500000e+000 9.996479e+000 -1.094576e-001
4.000000e+000 -4.500000e+000 9.196933e+000 -1.777093e-001
1.200000e+001 -4.500000e+000 7.783056e+000 -1.524164e-001
2.000000e+001 -4.500000e+000 6.512328e+000 -9.101453e-002
2.800000e+001 -4.500000e+000 5.508298e+000 -3.856399e-002
3.600000e+001 -4.500000e+000 4.719527e+000 -9.760861e-003
4.400000e+001 -4.500000e+000 4.090746e+000 -1.875303e-004
5.200000e+001 -4.500000e+000 3.579374e+000 5.273214e-004
6.000000e+001 -4.500000e+000 3.151302e+000 -3.680266e-004
6.800000e+001 -4.500000e+000 2.780659e+000 -7.799464e-004
7.600000e+001 -4.500000e+000 2.449687e+000 -1.373184e-003
8.400000e+001 -4.500000e+000 2.146272e+000 -3.285871e-003
9.200000e+001 -4.500000e+000 1.860919e+000 -7.342166e-003
1.000000e+002 -4.500000e+000 1.585316e+000 -1.404512e-002
1.080000e+002 -4.500000e+000 1.315021e+000 -2.539773e-002
1.160000e+002 -4.500000e+000 1.072612e+000 -5.312151e-002
-1.160000e+002 -3.500000e+000 1.587329e+000 1.707560e-001
-1.080000e+002 -3.500000e+000 1.980910e+000 1.495758e-001
-1.000000e+002 -3.500000e+000 2.428530e+000 1.657720e-001
-9.200000e+001 -3.500000e+000 2.879420e+000 1.892065e-001
-8.400000e+001 -3.500000e+000 3.323688e+000 2.078914e-001
-7.600000e+001 -3.500000e+000 3.759673e+000 2.199681e-001
-6.800000e+001 -3.500000e+000 4.191070e+000 2.274614e-001
-6.000000e+001 -3.500000e+000 4.628125e+000 2.315670e-001
-5.200000e+001 -3.500000e+000 5.090709e+000 2.304381e-001
-4.400000e+001 -3.500000e+000 5.613833e+000 2.204397e-001
-3.600000e+001 -3.500000e+000 6.252997e+000 1.997311e-001
-2.800000e+001 -3.500000e+000 7.083559e+000 1.678630e-001
-2.000000e+001 -3.500000e+000 8.171027e+000 1.150666e-001
-1.200000e+001 -3.500000e+000 9.394188e+000 1.733682e-002
-4.000000e+000 -3.500000e+000 9.996497e+000 -1.071739e-001
4.000000e+000 -3.500000e+000 9.196565e+000 -1.578742e-001
1.200000e+001 -3.500000e+000 7.782850e+000 -1.255086e-001
2.000000e+001 -3.500000e+000 6.512549e+000 -6.504563e-002
2.800000e+001 -3.500000e+000 5.508841e+000 -1.615152e-002
3.600000e+001 -3.500000e+000 4.720293e+000 8.968700e-003
4.400000e+001 -3.500000e+000 4.091586e+000 1.544290e-002
5.200000e+001 -3.500000e+000 3.580137e+000 1.375694e-002
6.000000e+001 -3.500000e+000 3.151917e+000 1.108525e-002
6.800000e+001 -3.500000e+000 2.781132e+000 9.387390e-003
7.600000e+001 -3.500000e+000 2.450056e+000 7.875828e-003
8.400000e+001 -3.500000e+000 2.146568e+000 5.335910e-003
9.200000e+001 -3.500000e+000 1.861154e+000 9.213541e-004
1.000000e+002 -3.500000e+000 1.585475e+000 -5.794218e-003
1.080000e+002 -3.500000e+000 1.314885e+000 -1.631584e-002
1.160000e+002 -3.500000e+000 1.070302e+000 -4.021582e-002
-1.160000e+002 -2.500000e+000 1.582539e+000 1.440974e-001
-1.080000e+002 -2.500000e+000 1.979703e+000 1.303101e-001
-1.000000e+002 -2.500000e+000 2.427775e+000 1.482922e-001
-9.200000e+001 -2.500000e+000 2.878811e+000 1.722966e-001
-8.400000e+001 -2.500000e+000 3.323279e+000 1.912970e-001
-7.600000e+001 -2.500000e+000 3.759491e+000 2.035181e-001
-6.800000e+001 -2.500000e+000 4.191134e+000 2.108788e-001
-6.000000e+001 -2.500000e+000 4.628510e+000 2.143806e-001
-5.200000e+001 -2.500000e+000 5.091529e+000 2.118942e-001
-4.400000e+001 -2.500000e+000 5.615155e+000 1.994613e-001
-3.600000e+001 -2.500000e+000 6.254699e+000 1.751249e-001
-2.800000e+001 -2.500000e+000 7.085201e+000 1.392489e-001
-2.000000e+001 -2.500000e+000 8.171846e+000 8.544654e-002
-1.200000e+001 -2.500000e+000 9.394015e+000 -2.947271e-003
-4.000000e+000 -2.500000e+000 9.996523e+000 -1.039302e-001
4.000000e+000 -2.500000e+000 9.196179e+000 -1.307786e-001
1.200000e+001 -2.500000e+000 7.782478e+000 -8.892312e-002
2.000000e+001 -2.500000e+000 6.512573e+000 -2.983479e-002
2.800000e+001 -2.500000e+000 5.509279e+000 1.417811e-002
3.600000e+001 -2.500000e+000 4.721074e+000 3.428800e-002
4.400000e+001 -2.500000e+000 4.092516e+000 3.656691e-002
5.200000e+001 -2.500000e+000 3.581010e+000 3.163629e-002
6.000000e+001 -2.500000e+000 3.152630e+000 2.656172e-002
6.800000e+001 -2.500000e+000 2.781684e+000 2.312170e-002
7.600000e+001 -2.500000e+000 2.450491e+000 2.036510e-002
8.400000e+001 -2.500000e+000 2.146925e+000 1.697503e-002
9.200000e+001 -2.500000e+000 1.861450e+000 1.207567e-002
1.000000e+002 -2.500000e+000 1.585693e+000 5.345227e-003
1.080000e+002 -2.500000e+000 1.314800e+000 -4.031400e-003
1.160000e+002 -2.500000e+000 1.068097e+000 -2.266952e-002
-1.160000e+002 -1.500000e+000 1.578352e+000 1.123046e-001
-1.080000e+002 -1.500000e+000 1.978423e+000 1.074529e-001
-1.000000e+002 -1.500000e+000 2.426895e+000 1.275826e-001
-9.200000e+001 -1.500000e+000 2.878096e+000 1.522529e-001
-8.400000e+001 -1.500000e+000 3.322796e+000 1.716240e-001
-7.600000e+001 -1.500000e+000 3.759262e+000 1.840191e-001
-6.800000e+001 -1.500000e+000 4.191175e+000 1.912231e-001
-6.000000e+001 -1.500000e+000 4.628892e+000 1.940029e-001
-5.200000e+001 -1.500000e+000 5.092374e+000 1.898963e-001
-4.400000e+001 -1.500000e+000 5.616527e+000 1.745672e-001
-3.600000e+001 -1.500000e+000 6.256462e+000 1.459208e-001
-2.800000e+001 -1.500000e+000 7.086900e+000 1.052768e-001
-2.000000e+001 -1.500000e+000 8.172738e+000 5.026803e-002
-1.200000e+001 -1.500000e+000 9.393909e+000 -2.699962e-002
-4.000000e+000 -1.500000e+000 9.996555e+000 -9.991709e-002
4.000000e+000 -1.500000e+000 9.195826e+000 -9.846559e-002
1.200000e+001 -1.500000e+000 7.781902e+000 -4.545407e-002
2.000000e+001 -1.500000e+000 6.512265e+000 1.191998e-002
2.800000e+001 -1.500000e+000 5.509444e+000 5.009776e-002
3.600000e+001 -1.500000e+000 4.721695e+000 6.425688e-002
4.400000e+001 -1.500000e+000 4.093375e+000 6.157183e-002
5.200000e+001 -1.500000e+000 3.581859e+000 5.280548e-002
6.000000e+001 -1.500000e+000 3.153335e+000 4.488625e-002
6.800000e+001 -1.500000e+000 2.782237e+000 3.937986e-002
7.600000e+001 -1.500000e+000 2.450932e+000 3.514509e-002
8.400000e+001 -1.500000e+000 2.147298e+000 3.074584e-002
9.200000e+001 -1.500000e+000 1.861776e+000 2.527189e-002
1.000000e+002 -1.500000e+000 1.585956e+000 1.852648e-002
1.080000e+002 -1.500000e+000 1.314826e+000 1.052732e-002
1.160000e+002 -1.500000e+000 1.066541e+000 -1.826937e-003
-1.160000e+002 -5.000000e-001 1.575360e+000 7.741743e-002
-1.080000e+002 -5.000000e-001 1.977201e+000 8.245115e-002
-1.000000e+002 -5.000000e-001 2.425948e+000 1.049508e-001
-9.200000e+001 -5.000000e-001 2.877320e+000 1.303383e-001
-8.400000e+001 -5.000000e-001 3.322269e+000 1.501105e-001
-7.600000e+001 -5.000000e-001 3.758998e+000 1.626975e-001
-6.800000e+001 -5.000000e-001 4.191180e+000 1.697300e-001
-6.000000e+001 -5.000000e-001 4.629230e+000 1.717138e-001
-5.200000e+001 -5.000000e-001 5.093157e+000 1.658255e-001
-4.400000e+001 -5.000000e-001 5.617814e+000 1.473239e-001
-3.600000e+001 -5.000000e-001 6.258108e+000 1.139670e-001
-2.800000e+001 -5.000000e-001 7.088479e+000 6.811419e-002
-2.000000e+001 -5.000000e-001 8.173610e+000 1.179823e-002
-1.200000e+001 -5.000000e-001 9.393884e+000 -5.324191e-002
-4.000000e+000 -5.000000e-001 9.996592e+000 -9.535739e-002
4.000000e+000 -5.000000e-001 9.195531e+000 -6.300189e-002
1.200000e+001 -5.000000e-001 7.781105e+000 2.108883e-003
2.000000e+001 -5.000000e-001 6.511555e+000 5.754274e-002
2.800000e+001 -5.000000e-001 5.509235e+000 8.931139e-002
3.600000e+001 -5.000000e-001 4.722042e+000 9.696728e-002
4.400000e+001 -5.000000e-001 4.094049e+000 8.887338e-002
5.200000e+001 -5.000000e-001 3.582584e+000 7.592881e-002
6.000000e+001 -5.000000e-001 3.153955e+000 6.490528e-002
6.800000e+001 -5.000000e-001 2.782729e+000 5.713906e-002
7.600000e+001 -5.000000e-001 2.451335e+000 5.128587e-002
8.400000e+001 -5.000000e-001 2.147652e+000 4.578168e-002
9.200000e+001 -5.000000e-001 1.862102e+000 3.967959e-002
1.000000e+002 -5.000000e-001 1.586249e+000 3.292009e-002
1.080000e+002 -5.000000e-001 1.315002e+000 2.644010e-002
1.160000e+002 -5.000000e-001 1.065961e+000 2.096647e-002
-1.160000e+002 5.000000e-001 1.573890e+000 4.146652e-002
-1.080000e+002 5.000000e-001 1.976139e+000 5.673653e-002
-1.000000e+002 5.000000e-001 2.424991e+000 8.167964e-002
-9.200000e+001 5.000000e-001 2.876527e+000 1.077923e-001
-8.400000e+001 5.000000e-001 3.321726e+000 1.279720e-001
-7.600000e+001 5.000000e-001 3.758712e+000 1.407573e-001
-6.800000e+001 5.000000e-001 4.191144e+000 1.476123e-001
-6.000000e+001 5.000000e-001 4.629494e+000 1.487703e-001
-5.200000e+001 5.000000e-001 5.093820e+000 1.410400e-001
-4.400000e+001 5.000000e-001 5.618916e+000 1.192729e-001
-3.600000e+001 5.000000e-001 6.259508e+000 8.108146e-002
-2.800000e+001 5.000000e-001 7.089811e+000 2.989041e-002
-2.000000e+001 5.000000e-001 8.174391e+000 -2.774025e-002
-1.200000e+001 5.000000e-001 9.393945e+000 -8.013765e-002
-4.000000e+000 5.000000e-001 9.996631e+000 -9.049888e-002
4.000000e+000 5.000000e-001 9.195311e+000 -2.643743e-002
1.200000e+001 5.000000e-001 7.780105e+000 5.102175e-002
2.000000e+001 5.000000e-001 6.510436e+000 1.044102e-001
2.800000e+001 5.000000e-001 5.508620e+000 1.295738e-001
3.600000e+001 5.000000e-001 4.722055e+000 1.305554e-001
4.400000e+001 5.000000e-001 4.094468e+000 1.169234e-001
5.200000e+001 5.000000e-001 3.583118e+000 9.969990e-002
6.000000e+001 5.000000e-001 3.154437e+000 8.549036e-002
6.800000e+001 5.000000e-001 2.783120e+000 7.539930e-002
7.600000e+001 5.000000e-001 2.451666e+000 6.787895e-002
8.400000e+001 5.000000e-001 2.147961e+000 6.123648e-002
9.200000e+001 5.000000e-001 1.862409e+000 5.448815e-002
1.000000e+002 5.000000e-001 1.586556e+000 4.771546e-002
1.080000e+002 5.000000e-001 1.315339e+000 4.279966e-002
1.160000e+002 5.000000e-001 1.066500e+000 4.438618e-002
-1.160000e+002 1.500000e+000 1.574023e+000 6.478662e-003
-1.080000e+002 1.500000e+000 1.975296e+000 3.173470e-002
-1.000000e+002 1.500000e+000 2.424078e+000 5.904176e-002
-9.200000e+001 1.500000e+000 2.875761e+000 8.584573e-002
-8.400000e+001 1.500000e+000 3.321198e+000 1.064163e-001
-7.600000e+001 1.500000e+000 3.758421e+000 1.193946e-001
-6.800000e+001 1.500000e+000 4.191070e+000 1.260754e-001
-6.000000e+001 1.500000e+000 4.629671e+000 1.264229e-001
-5.200000e+001 1.500000e+000 5.094325e+000 1.168921e-001
-4.400000e+001 1.500000e+000 5.619773e+000 9.194864e-002
-3.600000e+001 1.500000e+000 6.260583e+000 4.907100e-002
-2.800000e+001 1.500000e+000 7.090819e+000 -7.282447e-003
-2.000000e+001 1.500000e+000 8.175036e+000 -6.614945e-002
-1.200000e+001 1.500000e+000 9.394087e+000 -1.061797e-001
-4.000000e+000 1.500000e+000 9.996670e+000 -8.561329e-002
4.000000e+000 1.500000e+000 9.195179e+000 9.180492e-003
1.200000e+001 1.500000e+000 7.778960e+000 9.856295e-002
2.000000e+001 1.500000e+000 6.508971e+000 1.499276e-001
2.800000e+001 1.500000e+000 5.507629e+000 1.686674e-001
3.600000e+001 1.500000e+000 4.721731e+000 1.631804e-001
4.400000e+001 1.500000e+000 4.094604e+000 1.441903e-001
5.200000e+001 1.500000e+000 3.583432e+000 1.228244e-001
6.000000e+001 1.500000e+000 3.154751e+000 1.055227e-001
6.800000e+001 1.500000e+000 2.783389e+000 9.316932e-002
7.600000e+001 1.500000e+000 2.451907e+000 8.402435e-002
8.400000e+001 1.500000e+000 2.148207e+000 7.627240e-002
9.200000e+001 1.500000e+000 1.862680e+000 6.889497e-002
1.000000e+002 1.500000e+000 1.586861e+000 6.210962e-002
1.080000e+002 1.500000e+000 1.315817e+000 5.870483e-002
1.160000e+002 1.500000e+000 1.068129e+000 6.712012e-002
-1.160000e+002 2.500000e+000 1.575600e+000 -2.550152e-002
-1.080000e+002 2.500000e+000 1.974696e+000 8.879231e-003
-1.000000e+002 2.500000e+000 2.423259e+000 3.832141e-002
-9.200000e+001 2.500000e+000 2.875065e+000 6.574330e-002
-8.400000e+001 2.500000e+000 3.320717e+000 8.666548e-002
-7.600000e+001 2.500000e+000 3.758144e+000 9.981974e-002
-6.800000e+001 2.500000e+000 4.190969e+000 1.063391e-001
-6.000000e+001 2.500000e+000 4.629762e+000 1.059383e-001
-5.200000e+001 2.500000e+000 5.094660e+000 9.475273e-002
-4.400000e+001 2.500000e+000 5.620358e+000 6.690580e-002
-3.600000e+001 2.500000e+000 6.261303e+000 1.976248e-002
-2.800000e+001 2.500000e+000 7.091480e+000 -4.127429e-002
-2.000000e+001 2.500000e+000 8.175527e+000 -1.012185e-001
-1.200000e+001 2.500000e+000 9.394301e+000 -1.298643e-001
-4.000000e+000 2.500000e+000 9.996705e+000 -8.099898e-002
4.000000e+000 2.500000e+000 9.195144e+000 4.177610e-002
1.200000e+001 2.500000e+000 7.777763e+000 1.419904e-001
2.000000e+001 2.500000e+000 6.507290e+000 1.914884e-001
2.800000e+001 2.500000e+000 5.506364e+000 2.043667e-001
3.600000e+001 2.500000e+000 4.721124e+000 1.929925e-001
4.400000e+001 2.500000e+000 4.094478e+000 1.691316e-001
5.200000e+001 2.500000e+000 3.583525e+000 1.439957e-001
6.000000e+001 2.500000e+000 3.154896e+000 1.238715e-001
6.800000e+001 2.500000e+000 2.783530e+000 1.094473e-001
7.600000e+001 2.500000e+000 2.452053e+000 9.881278e-002
8.400000e+001 2.500000e+000 2.148383e+000 9.004328e-002
9.200000e+001 2.500000e+000 1.862901e+000 8.208956e-002
1.000000e+002 2.500000e+000 1.587145e+000 7.529197e-002
1.080000e+002 2.500000e+000 1.316389e+000 7.325006e-002
1.160000e+002 2.500000e+000 1.070647e+000 8.785143e-002
-1.160000e+002 3.500000e+000 1.578196e+000 -5.240353e-002
-1.080000e+002 3.500000e+000 1.974326e+000 -1.038076e-002
-1.000000e+002 3.500000e+000 2.422583e+000 2.082897e-002
-9.200000e+001 3.500000e+000 2.874486e+000 4.875866e-002
-8.400000e+001 3.500000e+000 3.320314e+000 6.997175e-002
-7.600000e+001 3.500000e+000 3.757904e+000 8.327319e-002
-6.800000e+001 3.500000e+000 4.190857e+000 8.965398e-002
-6.000000e+001 3.500000e+000 4.629780e+000 8.861579e-002
-5.200000e+001 3.500000e+000 5.094836e+000 7.602871e-002
-4.400000e+001 3.500000e+000 5.620684e+000 4.573801e-002
-3.600000e+001 3.500000e+000 6.261685e+000 -4.977023e-003
-2.800000e+001 3.500000e+000 7.091818e+000 -6.991552e-002
-2.000000e+001 3.500000e+000 8.175867e+000 -1.307031e-001
-1.200000e+001 3.500000e+000 9.394562e+000 -1.496806e-001
-4.000000e+000 3.500000e+000 9.996736e+000 -7.698415e-002
4.000000e+000 3.500000e+000 9.195205e+000 6.923041e-002
1.200000e+001 3.500000e+000 7.776646e+000 1.785195e-001
2.000000e+001 3.500000e+000 6.505591e+000 2.264510e-001
2.800000e+001 3.500000e+000 5.504993e+000 2.344157e-001
3.600000e+001 3.500000e+000 4.720344e+000 2.181122e-001
4.400000e+001 3.500000e+000 4.094155e+000 1.901748e-001
5.200000e+001 3.500000e+000 3.583436e+000 1.618779e-001
6.000000e+001 3.500000e+000 3.154893e+000 1.393791e-001
6.800000e+001 3.500000e+000 2.783558e+000 1.232069e-001
7.600000e+001 3.500000e+000 2.452111e+000 1.113127e-001
8.400000e+001 3.500000e+000 2.148488e+000 1.016824e-001
9.200000e+001 3.500000e+000 1.863065e+000 9.324173e-002
1.000000e+002 3.500000e+000 1.587388e+000 8.643301e-002
1.080000e+002 3.500000e+000 1.316977e+000 8.551831e-002
1.160000e+002 3.500000e+000 1.073666e+000 1.052519e-001
-1.160000e+002 4.500000e+000 1.581083e+000 -7.216905e-002
-1.080000e+002 4.500000e+000 1.974145e+000 -2.459282e-002
-1.000000e+002 4.500000e+000 2.422097e+000 7.894218e-003
-9.200000e+001 4.500000e+000 2.874066e+000 3.618867e-002
-8.400000e+001 4.500000e+000 3.320022e+000 5.761178e-002
-7.600000e+001 4.500000e+000 3.757724e+000 7.102028e-002
-6.800000e+001 4.500000e+000 4.190756e+000 7.729631e-002
-6.000000e+001 4.500000e+000 4.629751e+000 7.578252e-002
-5.200000e+001 4.500000e+000 5.094886e+000 6.215697e-002
-4.400000e+001 4.500000e+000 5.620798e+000 3.006912e-002
-3.600000e+001 4.500000e+000 6.261801e+000 -2.325495e-002
-2.800000e+001 4.500000e+000 7.091908e+000 -9.102147e-002
-2.000000e+001 4.500000e+000 8.176075e+000 -1.523602e-001
-1.200000e+001 4.500000e+000 9.394829e+000 -1.641434e-001
-4.000000e+000 4.500000e+000 9.996760e+000 -7.392681e-002
4.000000e+000 4.500000e+000 9.195338e+000 8.942043e-002
1.200000e+001 4.500000e+000 7.775762e+000 2.053670e-001
2.000000e+001 4.500000e+000 6.504137e+000 2.521717e-001
2.800000e+001 4.500000e+000 5.503757e+000 2.565492e-001
3.600000e+001 4.500000e+000 4.719567e+000 2.366436e-001
4.400000e+001 4.500000e+000 4.093750e+000 2.057249e-001
5.200000e+001 4.500000e+000 3.583242e+000 1.751104e-001
6.000000e+001 4.500000e+000 3.154795e+000 1.508632e-001
6.800000e+001 4.500000e+000 2.783509e+000 1.333992e-001
7.600000e+001 4.500000e+000 2.452105e+000 1.205721e-001
8.400000e+001 4.500000e+000 2.148532e+000 1.103040e-001
9.200000e+001 4.500000e+000 1.863170e+000 1.015030e-001
1.000000e+002 4.500000e+000 1.587571e+000 9.468574e-002
1.080000e+002 4.500000e+000 1.317484e+000 9.458539e-002
1.160000e+002 4.500000e+000 1.076580e+000 1.180072e-001
-1.160000e+002 5.500000e+000 1.583202e+000 -8.286610e-002
-1.080000e+002 5.500000e+000 1.974092e+000 -3.234634e-002
-1.000000e+002 5.500000e+000 2.421841e+000 8.232646e-004
-9.200000e+001 5.500000e+000 2.873843e+000 2.931131e-002
-8.400000e+001 5.500000e+000 3.319867e+000 5.084599e-002
-7.600000e+001 5.500000e+000 3.757625e+000 6.431150e-002
-6.800000e+001 5.500000e+000 4.190693e+000 7.052855e-002
-6.000000e+001 5.500000e+000 4.629712e+000 6.875235e-002
-5.200000e+001 5.500000e+000 5.094870e+000 5.455895e-002
-4.400000e+001 5.500000e+000 5.620791e+000 2.149748e-002
-3.600000e+001 5.500000e+000 6.261774e+000 -3.322749e-002
-2.800000e+001 5.500000e+000 7.091873e+000 -1.024943e-001
-2.000000e+001 5.500000e+000 8.176175e+000 -1.640761e-001
-1.200000e+001 5.500000e+000 9.395023e+000 -1.719004e-001
-4.000000e+000 5.500000e+000 9.996773e+000 -7.220673e-002
4.000000e+000 5.500000e+000 9.195473e+000 1.003481e-001
1.200000e+001 5.500000e+000 7.775262e+000 2.199038e-001
2.000000e+001 5.500000e+000 6.503243e+000 2.661290e-001
2.800000e+001 5.500000e+000 5.502962e+000 2.685862e-001
3.600000e+001 5.500000e+000 4.719032e+000 2.467438e-001
4.400000e+001 5.500000e+000 4.093436e+000 2.142187e-001
5.200000e+001 5.500000e+000 3.583063e+000 1.823507e-001
6.000000e+001 5.500000e+000 3.154688e+000 1.571531e-001
6.800000e+001 5.500000e+000 2.783442e+000 1.389838e-001
7.600000e+001 5.500000e+000 2.452073e+000 1.256460e-001
8.400000e+001 5.500000e+000 2.148538e+000 1.150286e-001
9.200000e+001 5.500000e+000 1.863218e+000 1.060306e-001
1.000000e+002 5.500000e+000 1.587673e+000 9.920876e-002
1.080000e+002 5.500000e+000 1.317797e+000 9.954381e-002
1.160000e+002 5.500000e+000 1.078554e+000 1.248938e-001
#-----------------------------------------
