#x(nm) z(nm) vx vz:
-1.160000e+002 -2.000000e+001 4.525139e-001 9.969609e-002
-1.080000e+002 -2.000000e+001 5.755813e-001 4.768204e-002
-1.000000e+002 -2.000000e+001 7.438467e-001 -9.026043e-003
-9.200000e+001 -2.000000e+001 9.607084e-001 -7.777788e-002
-8.400000e+001 -2.000000e+001 1.245907e+000 -1.684213e-001
-7.600000e+001 -2.000000e+001 1.625971e+000 -2.875010e-001
-6.800000e+001 -2.000000e+001 2.129542e+000 -4.343661e-001
-6.000000e+001 -2.000000e+001 2.779631e+000 -5.916295e-001
-5.200000e+001 -2.000000e+001 3.580189e+000 -7.052427e-001
-4.400000e+001 -2.000000e+001 4.501597e+000 -6.473742e-001
-3.600000e+001 -2.000000e+001 5.488849e+000 -1.468210e-001
-2.800000e+001 -2.000000e+001 6.523159e+000 1.356764e+000
-2.000000e+001 -2.000000e+001 7.441913e+000 4.764405e+000
-1.200000e+001 -2.000000e+001 5.306703e+000 7.384799e+000
-4.000000e+000 -2.000000e+001 7.635095e-001 4.078530e+000
4.000000e+000 -2.000000e+001 -1.707261e+000 1.173814e+000
1.200000e+001 -2.000000e+001 -2.494016e+000 -3.598582e-001
2.000000e+001 -2.000000e+001 -2.396032e+000 -1.011202e+000
2.800000e+001 -2.000000e+001 -1.912839e+000 -1.170580e+000
3.600000e+001 -2.000000e+001 -1.332496e+000 -1.087170e+000
4.400000e+001 -2.000000e+001 -8.031904e-001 -9.125373e-001
5.200000e+001 -2.000000e+001 -3.824269e-001 -7.276272e-001
6.000000e+001 -2.000000e+001 -7.726843e-002 -5.675135e-001
6.800000e+001 -2.000000e+001 1.275959e-001 -4.422154e-001
7.600000e+001 -2.000000e+001 2.539861e-001 -3.505231e-001
8.400000e+001 -2.000000e+001 3.228964e-001 -2.877601e-001
9.200000e+001 -2.000000e+001 3.519887e-001 -2.498242e-001
1.000000e+002 -2.000000e+001 3.554304e-001 -2.353793e-001
1.080000e+002 -2.000000e+001 3.444772e-001 -2.466183e-001
1.160000e+002 -2.000000e+001 3.277856e-001 -2.832210e-001
-1.160000e+002 -1.200000e+001 3.980031e-001 -3.227167e-002
-1.080000e+002 -1.200000e+001 5.206378e-001 -7.421896e-002
-1.000000e+002 -1.200000e+001 6.752784e-001 -1.437910e-001
-9.200000e+001 -1.200000e+001 8.604138e-001 -2.436629e-001
-8.400000e+001 -1.200000e+001 1.092127e+000 -3.829531e-001
-7.600000e+001 -1.200000e+001 1.390127e+000 -5.689525e-001
-6.800000e+001 -1.200000e+001 1.773383e+000 -7.997231e-001
-6.000000e+001 -1.200000e+001 2.254331e+000 -1.050665e+000
-5.200000e+001 -1.200000e+001 2.829465e+000 -1.248625e+000
-4.400000e+001 -1.200000e+001 3.470243e+000 -1.222903e+000
-3.600000e+001 -1.200000e+001 4.131179e+000 -6.056122e-001
-2.800000e+001 -1.200000e+001 4.788625e+000 1.366725e+000
-2.000000e+001 -1.200000e+001 5.252673e+000 5.693116e+000
-1.200000e+001 -1.200000e+001 3.890047e+000 9.049585e+000
-4.000000e+000 -1.200000e+001 1.080989e+000 6.032362e+000
4.000000e+000 -1.200000e+001 -7.928249e-001 2.168874e+000
1.200000e+001 -1.200000e+001 -1.483552e+000 -2.074074e-001
2.000000e+001 -1.200000e+001 -1.461957e+000 -1.262805e+000
2.800000e+001 -1.200000e+001 -1.135153e+000 -1.543741e+000
3.600000e+001 -1.200000e+001 -7.345938e-001 -1.447220e+000
4.400000e+001 -1.200000e+001 -3.700762e-001 -1.207443e+000
5.200000e+001 -1.200000e+001 -8.200981e-002 -9.461785e-001
6.000000e+001 -1.200000e+001 1.245212e-001 -7.167068e-001
6.800000e+001 -1.200000e+001 2.597343e-001 -5.353777e-001
7.600000e+001 -1.200000e+001 3.384362e-001 -4.014766e-001
8.400000e+001 -1.200000e+001 3.748969e-001 -3.083522e-001
9.200000e+001 -1.200000e+001 3.807465e-001 -2.491282e-001
1.000000e+002 -1.200000e+001 3.643371e-001 -2.192918e-001
1.080000e+002 -1.200000e+001 3.312627e-001 -2.163376e-001
1.160000e+002 -1.200000e+001 2.903927e-001 -2.321522e-001
-1.160000e+002 -4.000000e+000 3.418342e-001 -1.731442e-001
-1.080000e+002 -4.000000e+000 4.380176e-001 -2.044892e-001
-1.000000e+002 -4.000000e+000 5.500868e-001 -2.759816e-001
-9.200000e+001 -4.000000e+000 6.687450e-001 -3.932607e-001
-8.400000e+001 -4.000000e+000 8.008754e-001 -5.644517e-001
-7.600000e+001 -4.000000e+000 9.552261e-001 -7.955081e-001
-6.800000e+001 -4.000000e+000 1.138580e+000 -1.081399e+000
-6.000000e+001 -4.000000e+000 1.352909e+000 -1.389521e+000
-5.200000e+001 -4.000000e+000 1.591621e+000 -1.629022e+000
-4.400000e+001 -4.000000e+000 1.838331e+000 -1.594747e+000
-3.600000e+001 -4.000000e+000 2.081022e+000 -8.630309e-001
-2.800000e+001 -4.000000e+000 2.354870e+000 1.353544e+000
-2.000000e+001 -4.000000e+000 2.692311e+000 5.783397e+000
-1.200000e+001 -4.000000e+000 2.565009e+000 9.610810e+000
-4.000000e+000 -4.000000e+000 1.577603e+000 7.627328e+000
4.000000e+000 -4.000000e+000 5.730656e-001 3.086034e+000
1.200000e+001 -4.000000e+000 1.381556e-001 -4.430737e-002
2.000000e+001 -4.000000e+000 9.462934e-002 -1.429361e+000
2.800000e+001 -4.000000e+000 1.916698e-001 -1.793011e+000
3.600000e+001 -4.000000e+000 3.090582e-001 -1.679705e+000
4.400000e+001 -4.000000e+000 4.050525e-001 -1.390760e+000
5.200000e+001 -4.000000e+000 4.697680e-001 -1.075473e+000
6.000000e+001 -4.000000e+000 5.046782e-001 -7.979439e-001
6.800000e+001 -4.000000e+000 5.147403e-001 -5.779118e-001
7.600000e+001 -4.000000e+000 5.052993e-001 -4.145457e-001
8.400000e+001 -4.000000e+000 4.807391e-001 -2.994353e-001
9.200000e+001 -4.000000e+000 4.438023e-001 -2.231099e-001
1.000000e+002 -4.000000e+000 3.954088e-001 -1.778138e-001
1.080000e+002 -4.000000e+000 3.363732e-001 -1.576123e-001
1.160000e+002 -4.000000e+000 2.775055e-001 -1.551845e-001
-1.160000e+002 4.000000e+000 3.012858e-001 -2.813231e-001
-1.080000e+002 4.000000e+000 3.586988e-001 -2.976873e-001
-1.000000e+002 4.000000e+000 4.116043e-001 -3.555856e-001
-9.200000e+001 4.000000e+000 4.468632e-001 -4.653162e-001
-8.400000e+001 4.000000e+000 4.615180e-001 -6.335871e-001
-7.600000e+001 4.000000e+000 4.524677e-001 -8.639543e-001
-6.800000e+001 4.000000e+000 4.154197e-001 -1.148977e+000
-6.000000e+001 4.000000e+000 3.468176e-001 -1.453107e+000
-5.200000e+001 4.000000e+000 2.487198e-001 -1.682051e+000
-4.400000e+001 4.000000e+000 1.410921e-001 -1.631534e+000
-3.600000e+001 4.000000e+000 9.255099e-002 -9.078190e-001
-2.800000e+001 4.000000e+000 2.795778e-001 1.140965e+000
-2.000000e+001 4.000000e+000 9.882150e-001 5.048530e+000
-1.200000e+001 4.000000e+000 2.155735e+000 9.125137e+000
-4.000000e+000 4.000000e+000 2.883629e+000 8.452635e+000
4.000000e+000 4.000000e+000 2.685123e+000 3.544336e+000
1.200000e+001 4.000000e+000 2.338207e+000 5.786403e-002
2.000000e+001 4.000000e+000 2.067318e+000 -1.392916e+000
2.800000e+001 4.000000e+000 1.811249e+000 -1.746375e+000
3.600000e+001 4.000000e+000 1.558698e+000 -1.619991e+000
4.400000e+001 4.000000e+000 1.325538e+000 -1.325610e+000
5.200000e+001 4.000000e+000 1.123731e+000 -1.010131e+000
6.000000e+001 4.000000e+000 9.558894e-001 -7.346389e-001
6.800000e+001 4.000000e+000 8.184642e-001 -5.170166e-001
7.600000e+001 4.000000e+000 7.052559e-001 -3.553723e-001
8.400000e+001 4.000000e+000 6.094270e-001 -2.404474e-001
9.200000e+001 4.000000e+000 5.242130e-001 -1.616359e-001
1.000000e+002 4.000000e+000 4.431295e-001 -1.095496e-001
1.080000e+002 4.000000e+000 3.618104e-001 -7.722427e-002
1.160000e+002 4.000000e+000 2.889153e-001 -6.152834e-002
-1.160000e+002 1.200000e+001 2.931219e-001 -3.480230e-001
-1.080000e+002 1.200000e+001 3.106129e-001 -3.408468e-001
-1.000000e+002 1.200000e+001 3.052043e-001 -3.720718e-001
-9.200000e+001 1.200000e+001 2.647764e-001 -4.529351e-001
-8.400000e+001 1.200000e+001 1.775497e-001 -5.864973e-001
-7.600000e+001 1.200000e+001 2.928953e-002 -7.737729e-001
-6.800000e+001 1.200000e+001 -1.935287e-001 -1.007687e+000
-6.000000e+001 1.200000e+001 -4.963549e-001 -1.258364e+000
-5.200000e+001 1.200000e+001 -8.621961e-001 -1.448013e+000
-4.400000e+001 1.200000e+001 -1.225759e+000 -1.413480e+000
-3.600000e+001 1.200000e+001 -1.430832e+000 -8.580128e-001
-2.800000e+001 1.200000e+001 -1.170131e+000 6.872325e-001
-2.000000e+001 1.200000e+001 3.706079e-002 3.717701e+000
-1.200000e+001 1.200000e+001 2.519894e+000 7.684922e+000
-4.000000e+000 1.200000e+001 5.153636e+000 8.251130e+000
4.000000e+000 1.200000e+001 5.380775e+000 3.422791e+000
1.200000e+001 1.200000e+001 4.701764e+000 2.015408e-001
2.000000e+001 1.200000e+001 4.004703e+000 -1.049026e+000
2.800000e+001 1.200000e+001 3.323751e+000 -1.344966e+000
3.600000e+001 1.200000e+001 2.689106e+000 -1.241514e+000
4.400000e+001 1.200000e+001 2.139703e+000 -1.002282e+000
5.200000e+001 1.200000e+001 1.692412e+000 -7.482932e-001
6.000000e+001 1.200000e+001 1.343063e+000 -5.283952e-001
6.800000e+001 1.200000e+001 1.076396e+000 -3.558287e-001
7.600000e+001 1.200000e+001 8.739607e-001 -2.279666e-001
8.400000e+001 1.200000e+001 7.183098e-001 -1.363944e-001
9.200000e+001 1.200000e+001 5.945234e-001 -7.146908e-002
1.000000e+002 1.200000e+001 4.903844e-001 -2.400935e-002
1.080000e+002 1.200000e+001 3.971013e-001 1.342715e-002
1.160000e+002 1.200000e+001 3.178916e-001 4.121512e-002
-1.160000e+002 2.000000e+001 3.245336e-001 -3.762905e-001
-1.080000e+002 2.000000e+001 3.038417e-001 -3.417086e-001
-1.000000e+002 2.000000e+001 2.576920e-001 -3.468708e-001
-9.200000e+001 2.000000e+001 1.730111e-001 -3.942191e-001
-8.400000e+001 2.000000e+001 2.898203e-002 -4.818660e-001
-7.600000e+001 2.000000e+001 -1.978219e-001 -6.091042e-001
-6.800000e+001 2.000000e+001 -5.286575e-001 -7.712781e-001
-6.000000e+001 2.000000e+001 -9.724502e-001 -9.490718e-001
-5.200000e+001 2.000000e+001 -1.505336e+000 -1.091160e+000
-4.400000e+001 2.000000e+001 -2.036717e+000 -1.090695e+000
-3.600000e+001 2.000000e+001 -2.363290e+000 -7.597056e-001
-2.800000e+001 2.000000e+001 -2.110120e+000 2.013308e-001
-2.000000e+001 2.000000e+001 -6.394527e-001 2.237841e+000
-1.200000e+001 2.000000e+001 2.903848e+000 5.579199e+000
-4.000000e+000 2.000000e+001 7.280525e+000 6.850330e+000
4.000000e+000 2.000000e+001 7.360687e+000 2.905989e+000
1.200000e+001 2.000000e+001 6.274009e+000 4.738034e-001
2.000000e+001 2.000000e+001 5.237009e+000 -4.907684e-001
2.800000e+001 2.000000e+001 4.252351e+000 -7.547475e-001
3.600000e+001 2.000000e+001 3.358908e+000 -7.168044e-001
4.400000e+001 2.000000e+001 2.604976e+000 -5.725873e-001
5.200000e+001 2.000000e+001 2.006154e+000 -4.129966e-001
6.000000e+001 2.000000e+001 1.549766e+000 -2.740838e-001
6.800000e+001 2.000000e+001 1.210073e+000 -1.652854e-001
7.600000e+001 2.000000e+001 9.592240e-001 -8.464776e-002
8.400000e+001 2.000000e+001 7.725484e-001 -2.619341e-002
9.200000e+001 2.000000e+001 6.303261e-001 1.709550e-002
1.000000e+002 2.000000e+001 5.179989e-001 5.263789e-002
1.080000e+002 2.000000e+001 4.264288e-001 8.844414e-002
1.160000e+002 2.000000e+001 3.558026e-001 1.289586e-001
#-----------------------------------------
