0.000000 0.999997
0.000025 0.998476
0.000050 0.998866
0.000075 0.999913
0.000100 0.998162
0.000125 0.999119
0.000150 0.999708
0.000175 0.997910
0.000200 0.999392
0.000225 0.999382
0.000250 0.997752
0.000275 0.999645
0.000300 0.998945
0.000325 0.997711
0.000350 0.999831
0.000375 0.998425
0.000400 0.997799
0.000425 0.999901
0.000450 0.997863
0.000475 0.998009
0.000500 0.999815
0.000525 0.997309
0.000550 0.998316
0.000575 0.999541
0.000600 0.996820
0.000625 0.998676
0.000650 0.999066
0.000675 0.996452
0.000700 0.999027
0.000725 0.998397
0.000750 0.996249
0.000775 0.999293
0.000800 0.997567
0.000825 0.996240
0.000850 0.999394
0.000875 0.996634
0.000900 0.996425
0.000925 0.999254
0.000950 0.995676
0.000975 0.996773
0.001000 0.998810
0.001025 0.994788
0.001050 0.997217
0.001075 0.998027
0.001100 0.994067
0.001125 0.997654
0.001150 0.996905
0.001175 0.993598
0.001200 0.997954
0.001225 0.995492
0.001250 0.993437
0.001275 0.997970
0.001300 0.993886
0.001325 0.993590
0.001350 0.997556
0.001375 0.992231
0.001400 0.993998
0.001425 0.996596
0.001450 0.990705
0.001475 0.994525
0.001500 0.995024
0.001525 0.989495
0.001550 0.994959
0.001575 0.992859
0.001600 0.988761
0.001625 0.995023
0.001650 0.990230
0.001675 0.988578
0.001700 0.994416
0.001725 0.987384
0.001750 0.988892
0.001775 0.992860
0.001800 0.984679
0.001825 0.989465
0.001850 0.990184
0.001875 0.982522
0.001900 0.989861
0.001925 0.986416
0.001950 0.981264
0.001975 0.989475
0.002000 0.981873
0.002025 0.981034
0.002050 0.987642
0.002075 0.977202
0.002100 0.981559
0.002125 0.983837
0.002150 0.973304
0.002175 0.982032
0.002200 0.977974
0.002225 0.971043
0.002250 0.981148
0.002275 0.970731
0.002300 0.970719
0.002325 0.977441
0.002350 0.963702
0.002375 0.971452
0.002400 0.970016
0.002425 0.958982
0.002450 0.970903
0.002475 0.959597
0.002500 0.957827
0.002525 0.965929
0.002550 0.949272
0.002575 0.958716
0.002600 0.954645
0.002625 0.943423
0.002650 0.956543
0.002675 0.939492
0.002700 0.943438
0.002725 0.945414
0.002750 0.928220
0.002775 0.942836
0.002800 0.925854
0.002825 0.926701
0.002850 0.930186
0.002875 0.910276
0.002900 0.925816
0.002925 0.904967
0.002950 0.909148
0.002975 0.906357
0.003000 0.889322
0.003025 0.903076
0.003050 0.875635
0.003075 0.889932
0.003100 0.868734
0.003125 0.869664
0.003150 0.863153
0.003175 0.847468
0.003200 0.853971
0.003225 0.826252
0.003250 0.839594
0.003275 0.805759
0.003300 0.820708
0.003325 0.784178
0.003350 0.798386
0.003375 0.759879
0.003400 0.772780
0.003425 0.732501
0.003450 0.742198
0.003475 0.703765
0.003500 0.702614
0.003525 0.676608
0.003550 0.651043
0.003575 0.646912
0.003600 0.598492
0.003625 0.592828
0.003650 0.564063
0.003675 0.516016
0.003700 0.502967
0.003725 0.472492
0.003750 0.416658
0.003775 0.375212
0.003800 0.346073
0.003825 0.306784
0.003850 0.253314
0.003875 0.193140
0.003900 0.131496
0.003925 0.069427
0.003950 0.006828
0.003975 -0.056031
0.004000 -0.120071
0.004025 -0.190465
0.004050 -0.271840
0.004075 -0.350004
0.004100 -0.409023
0.004125 -0.480615
0.004150 -0.551299
0.004175 -0.603166
0.004200 -0.668569
0.004225 -0.711071
0.004250 -0.761483
0.004275 -0.799767
0.004300 -0.830360
0.004325 -0.865456
0.004350 -0.886184
0.004375 -0.905659
0.004400 -0.926844
0.004425 -0.939275
0.004450 -0.948618
0.004475 -0.960442
0.004500 -0.969132
0.004525 -0.973291
0.004550 -0.978094
0.004575 -0.983910
0.004600 -0.987173
0.004625 -0.988479
0.004650 -0.990787
0.004675 -0.993573
0.004700 -0.994756
0.004725 -0.995027
0.004750 -0.996110
0.004775 -0.997487
0.004800 -0.997888
0.004825 -0.997820
0.004850 -0.998334
0.004875 -0.999048
0.004900 -0.999162
0.004925 -0.999018
0.004950 -0.999269
0.004975 -0.999657
0.005000 -0.999673
0.005025 -0.999538
0.005050 -0.999666
0.005075 -0.999886
0.005100 -0.999873
0.005125 -0.999769
0.005150 -0.999837
0.005175 -0.999967
0.005200 -0.999949
0.005225 -0.999875
0.005250 -0.999913
0.005275 -0.999991
0.005300 -0.999976
0.005325 -0.999925
0.005350 -0.999948
0.005375 -0.999996
0.005400 -0.999984
0.005425 -0.999951
0.005450 -0.999964
0.005475 -0.999994
0.005500 -0.999986
0.005525 -0.999964
0.005550 -0.999972
0.005575 -0.999991
0.005600 -0.999986
0.005625 -0.999971
0.005650 -0.999976
0.005675 -0.999988
0.005700 -0.999985
0.005725 -0.999975
0.005750 -0.999979
0.005775 -0.999986
0.005800 -0.999984
0.005825 -0.999978
0.005850 -0.999980
0.005875 -0.999985
0.005900 -0.999983
0.005925 -0.999979
0.005950 -0.999981
0.005975 -0.999984
0.006000 -0.999983
0.006025 -0.999980
0.006050 -0.999981
0.006075 -0.999983
0.006100 -0.999983
0.006125 -0.999981
0.006150 -0.999982
0.006175 -0.999983
0.006200 -0.999982
0.006225 -0.999981
0.006250 -0.999982
0.006275 -0.999983
0.006300 -0.999982
0.006325 -0.999982
0.006350 -0.999982
0.006375 -0.999982
0.006400 -0.999982
0.006425 -0.999982
0.006450 -0.999982
0.006475 -0.999982
0.006500 -0.999982
0.006525 -0.999982
0.006550 -0.999982
0.006575 -0.999982
0.006600 -0.999982
0.006625 -0.999982
0.006650 -0.999982
0.006675 -0.999982
0.006700 -0.999982
0.006725 -0.999982
0.006750 -0.999982
0.006775 -0.999982
0.006800 -0.999982
0.006825 -0.999982
0.006850 -0.999982
0.006875 -0.999982
0.006900 -0.999982
0.006925 -0.999982
0.006950 -0.999982
0.006975 -0.999982
0.007000 -0.999982
0.007025 -0.999982
0.007050 -0.999982
0.007075 -0.999982
0.007100 -0.999982
0.007125 -0.999982
0.007150 -0.999982
0.007175 -0.999982
0.007200 -0.999982
0.007225 -0.999982
0.007250 -0.999982
0.007275 -0.999982
0.007300 -0.999982
0.007325 -0.999982
0.007350 -0.999982
0.007375 -0.999982
0.007400 -0.999982
0.007425 -0.999982
0.007450 -0.999982
0.007475 -0.999982
0.007500 -0.999982
0.007525 -0.999982
0.007550 -0.999982
0.007575 -0.999982
0.007600 -0.999982
0.007625 -0.999982
0.007650 -0.999982
0.007675 -0.999982
0.007700 -0.999982
0.007725 -0.999982
0.007750 -0.999982
0.007775 -0.999982
0.007800 -0.999982
0.007825 -0.999982
0.007850 -0.999982
0.007875 -0.999982
0.007900 -0.999982
0.007925 -0.999982
0.007950 -0.999982
0.007975 -0.999982
0.008000 -0.999982
0.008025 -0.999982
0.008050 -0.999982
0.008075 -0.999982
0.008100 -0.999982
0.008125 -0.999982
0.008150 -0.999982
0.008175 -0.999982
0.008200 -0.999982
0.008225 -0.999982
0.008250 -0.999982
0.008275 -0.999982
0.008300 -0.999982
0.008325 -0.999982
0.008350 -0.999982
0.008375 -0.999982
0.008400 -0.999982
0.008425 -0.999982
0.008450 -0.999982
0.008475 -0.999982
0.008500 -0.999982
0.008525 -0.999982
0.008550 -0.999982
0.008575 -0.999982
0.008600 -0.999982
0.008625 -0.999982
0.008650 -0.999982
0.008675 -0.999982
0.008700 -0.999982
0.008725 -0.999982
0.008750 -0.999982
0.008775 -0.999982
0.008800 -0.999982
0.008825 -0.999982
0.008850 -0.999982
0.008875 -0.999982
0.008900 -0.999982
0.008925 -0.999982
0.008950 -0.999982
0.008975 -0.999982
0.009000 -0.999982
0.009025 -0.999982
0.009050 -0.999982
0.009075 -0.999982
0.009100 -0.999982
0.009125 -0.999982
0.009150 -0.999982
0.009175 -0.999982
0.009200 -0.999982
0.009225 -0.999982
0.009250 -0.999982
0.009275 -0.999982
0.009300 -0.999982
0.009325 -0.999982
0.009350 -0.999982
0.009375 -0.999982
0.009400 -0.999982
0.009425 -0.999982
0.009450 -0.999982
0.009475 -0.999982
0.009500 -0.999982
0.009525 -0.999982
0.009550 -0.999982
0.009575 -0.999982
0.009600 -0.999982
0.009625 -0.999982
0.009650 -0.999982
0.009675 -0.999982
0.009700 -0.999982
0.009725 -0.999982
0.009750 -0.999982
0.009775 -0.999982
0.009800 -0.999982
0.009825 -0.999982
0.009850 -0.999982
0.009875 -0.999982
0.009900 -0.999982
0.009925 -0.999982
0.009950 -0.999982
0.009975 -0.999982
0.010000 -0.999982
