0.000000 0.999785
0.000200 0.999847
0.000400 0.998506
0.000600 0.996998
0.000800 0.997089
0.001000 0.998540
0.001200 0.998872
0.001400 0.996245
0.001600 0.991868
0.001800 0.988739
0.002000 0.988108
0.002200 0.988117
0.002400 0.985971
0.002600 0.980392
0.002800 0.971743
0.003000 0.960331
0.003200 0.942780
0.003400 0.908008
0.003600 0.876794
0.003800 0.845397
0.004000 0.812226
0.004200 0.765702
0.004400 0.705399
0.004600 0.684140
0.004800 0.646045
0.005000 0.653418
0.005200 0.650521
0.005400 0.632993
0.005600 0.619711
0.005800 0.621752
0.006000 0.634209
0.006200 0.643410
0.006400 0.640273
0.006600 0.627731
0.006800 0.617623
0.007000 0.619706
0.007200 0.631919
0.007400 0.642428
0.007600 0.641344
0.007800 0.629711
0.008000 0.618472
0.008200 0.618481
0.008400 0.629768
0.008600 0.641395
0.008800 0.642381
0.009000 0.631849
0.009200 0.619678
0.009400 0.617570
0.009600 0.627628
0.009800 0.640081
0.010000 0.643115
0.010200 0.633944
0.010400 0.621154
0.010600 0.616987
0.010800 0.625552
0.011000 0.638515
0.011200 0.643523
0.011400 0.635942
0.011600 0.622861
0.011800 0.616746
0.012000 0.623592
0.012200 0.636736
0.012400 0.643596
0.012600 0.637792
0.012800 0.624754
0.013000 0.616853
0.013200 0.621801
0.013400 0.634788
0.013600 0.643330
0.013800 0.639449
0.014000 0.626784
0.014200 0.617306
0.014400 0.620225
0.014600 0.632719
0.014800 0.642733
0.015000 0.640870
0.015200 0.628897
0.015400 0.618090
0.015600 0.618905
0.015800 0.630583
0.016000 0.641819
0.016200 0.642021
0.016400 0.631040
0.016600 0.619187
0.016800 0.617878
0.017000 0.628434
0.017200 0.640610
0.017400 0.642874
0.017600 0.633159
0.017800 0.620566
0.018000 0.617168
0.018200 0.626327
0.018400 0.639136
0.018600 0.643408
0.018800 0.635200
0.019000 0.622191
0.019200 0.616797
0.019400 0.624317
0.019600 0.637432
0.019800 0.643608
0.020000 0.637112
0.020200 0.624019
0.020400 0.616772
0.020600 0.622456
0.020800 0.635542
0.021000 0.643470
0.021200 0.638847
0.021400 0.626002
0.021600 0.617094
0.021800 0.620794
0.022000 0.633513
0.022200 0.642998
0.022400 0.640362
0.022600 0.628090
0.022800 0.617755
0.023000 0.619372
0.023200 0.631397
0.023400 0.642201
0.023600 0.641619
0.023800 0.630229
0.024000 0.618737
0.024200 0.618231
0.024400 0.629246
0.024600 0.641101
0.024800 0.642588
0.025000 0.632363
0.025200 0.620013
0.025400 0.617398
0.025600 0.627117
0.025800 0.639723
0.026000 0.643244
0.026200 0.634440
0.026400 0.621549
0.026600 0.616897
0.026800 0.625064
0.027000 0.638102
0.027200 0.643572
0.027400 0.636407
0.027600 0.623305
0.027800 0.616740
0.028000 0.623140
0.028200 0.636277
0.028400 0.643562
0.028600 0.638214
0.028800 0.625236
0.029000 0.616932
0.029200 0.621397
0.029400 0.634295
0.029600 0.643215
0.029800 0.639817
0.030000 0.627291
0.030200 0.617466
0.030400 0.619880
0.030600 0.632205
0.030800 0.642540
0.031000 0.641176
0.031200 0.629416
0.031400 0.618329
0.031600 0.618628
0.031800 0.630061
0.032000 0.641552
0.032200 0.642257
0.032400 0.631559
0.032600 0.619497
0.032800 0.617675
0.033000 0.627917
0.033200 0.640275
0.033400 0.643034
0.033600 0.633664
0.033800 0.620939
0.034000 0.617047
0.034200 0.625829
0.034400 0.638742
0.034600 0.643487
0.034800 0.635678
0.035000 0.622617
0.035200 0.616759
0.035400 0.623850
0.035600 0.636989
0.035800 0.643606
0.036000 0.637551
0.036200 0.624488
0.036400 0.616818
0.036600 0.622033
0.036800 0.635061
0.037000 0.643386
0.037200 0.639236
0.037400 0.626501
0.037600 0.617224
0.037800 0.620425
0.038000 0.633006
0.038200 0.642834
0.038400 0.640692
0.038600 0.628607
0.038800 0.617965
0.039000 0.619068
0.039200 0.630876
0.039400 0.641961
0.039600 0.641882
0.039800 0.630749
0.040000 0.619020
0.040200 0.617999
0.040400 0.628725
0.040600 0.640791
0.040800 0.642777
0.041000 0.632875
0.041200 0.620363
0.041400 0.617245
0.041600 0.626609
0.041800 0.639350
0.042000 0.643354
0.042200 0.634929
0.042400 0.621957
0.042600 0.616827
0.042800 0.624583
0.043000 0.637676
0.043200 0.643600
0.043400 0.636862
0.043600 0.623760
0.043800 0.616755
0.044000 0.622699
0.044200 0.635809
0.044400 0.643509
0.044600 0.638623
0.044800 0.625725
0.045000 0.617030
0.045200 0.621006
0.045400 0.633796
0.045600 0.643081
0.045800 0.640170
0.046000 0.627802
0.046200 0.617646
0.046400 0.619550
0.046600 0.631688
0.046800 0.642328
0.047000 0.641465
0.047200 0.629937
0.047400 0.618585
0.047600 0.618368
0.047800 0.629538
0.048000 0.641268
0.048200 0.642474
0.048400 0.632075
0.048600 0.619823
0.048800 0.617492
0.049000 0.627403
0.049200 0.639926
0.049400 0.643174
0.049600 0.634163
0.049800 0.621326
0.050000 0.616945
0.050200 0.625336
0.050400 0.638335
0.050600 0.643547
0.050800 0.636147
0.051000 0.623055
0.051200 0.616741
0.051400 0.623392
0.051600 0.636535
0.051800 0.643583
0.052000 0.637979
0.052200 0.624965
0.052400 0.616885
0.052600 0.621622
0.052800 0.634572
0.053000 0.643282
0.053200 0.639612
0.053400 0.627006
0.053600 0.617374
0.053800 0.620071
0.054000 0.632494
0.054200 0.642651
0.054400 0.641006
0.054600 0.629125
0.054800 0.618193
0.055000 0.618781
0.055200 0.630354
0.055400 0.641704
0.055600 0.642127
0.055800 0.631269
0.056000 0.619321
0.056200 0.617786
0.056400 0.628206
0.056600 0.640465
0.056800 0.642947
0.057000 0.633382
0.057200 0.620728
0.057400 0.617112
0.057600 0.626107
0.057800 0.638964
0.058000 0.643445
0.058200 0.635411
0.058400 0.622377
0.058600 0.616777
0.058800 0.624111
0.059000 0.637239
0.059200 0.643609
0.059400 0.637307
0.059600 0.624224
0.059800 0.616790
0.060000 0.622269
0.060200 0.635332
0.060400 0.643436
0.060600 0.639020
0.060800 0.626221
0.061000 0.617149
0.061200 0.620630
0.061400 0.633291
0.061600 0.642928
0.061800 0.640509
0.062000 0.628317
0.062200 0.617845
0.062400 0.619237
0.062600 0.631168
0.062800 0.642098
0.063000 0.641737
0.063200 0.630458
0.063400 0.618859
0.063600 0.618127
0.063800 0.629017
0.064000 0.640967
0.064200 0.642673
0.064400 0.632589
0.064600 0.620165
0.064800 0.617329
0.065000 0.626893
0.065200 0.639561
0.065400 0.643295
0.065600 0.634656
0.065800 0.621727
0.066000 0.616864
0.066200 0.624851
0.066400 0.637916
0.066600 0.643587
0.066800 0.636608
0.067000 0.623504
0.067200 0.616744
0.067400 0.622945
0.067600 0.636072
0.067800 0.643541
0.068000 0.638395
0.068200 0.625450
0.068400 0.616973
0.068600 0.621224
0.068800 0.634076
0.069000 0.643159
0.069200 0.639974
0.069400 0.627515
0.069600 0.617543
0.069800 0.619733
0.070000 0.631978
0.070200 0.642449
0.070400 0.641305
0.070600 0.629645
0.070800 0.618439
0.071000 0.618512
0.071200 0.629831
0.071400 0.641429
0.071600 0.642355
0.071800 0.631786
0.072000 0.619638
0.072200 0.617593
0.072400 0.627691
0.072600 0.640123
0.072800 0.643098
0.073000 0.633884
0.073200 0.621108
0.073400 0.617000
0.073600 0.625611
0.073800 0.638565
0.074000 0.643516
0.074200 0.635886
0.074400 0.622808
0.074600 0.616748
0.074800 0.623648
0.075000 0.636791
0.075200 0.643598
0.075400 0.637741
0.075600 0.624697
0.075800 0.616845
0.076000 0.621851
0.076200 0.634847
0.076400 0.643343
0.076600 0.639403
0.076800 0.626723
0.077000 0.617287
0.077200 0.620268
0.077400 0.632781
0.077600 0.642755
0.077800 0.640832
0.078000 0.628834
0.078200 0.618063
0.078400 0.618940
0.078600 0.630646
0.078800 0.641850
0.079000 0.641992
0.079200 0.630978
0.079400 0.619151
0.079600 0.617903
0.079800 0.628497
0.080000 0.640649
