
2.560382e-001 -9.666667e-001 0.000000e+000
4.358899e-001 -9.000000e-001 0.000000e+000
5.527708e-001 -8.333333e-001 0.000000e+000
6.420453e-001 -7.666667e-001 0.000000e+000
7.141428e-001 -7.000000e-001 0.000000e+000
7.738791e-001 -6.333333e-001 0.000000e+000
8.239471e-001 -5.666667e-001 0.000000e+000
8.660254e-001 -5.000000e-001 0.000000e+000
9.012337e-001 -4.333333e-001 0.000000e+000
9.303524e-001 -3.666667e-001 0.000000e+000
9.539392e-001 -3.000000e-001 0.000000e+000
9.723968e-001 -2.333333e-001 0.000000e+000
9.860133e-001 -1.666667e-001 0.000000e+000
9.949874e-001 -1.000000e-001 0.000000e+000
9.994443e-001 -3.333333e-002 0.000000e+000
9.994443e-001 3.333333e-002 0.000000e+000
9.949874e-001 1.000000e-001 0.000000e+000
9.860133e-001 1.666667e-001 0.000000e+000
9.723968e-001 2.333333e-001 0.000000e+000
9.539392e-001 3.000000e-001 0.000000e+000
9.303524e-001 3.666667e-001 0.000000e+000
9.012337e-001 4.333333e-001 0.000000e+000
8.660254e-001 5.000000e-001 0.000000e+000
8.239471e-001 5.666667e-001 0.000000e+000
7.738791e-001 6.333333e-001 0.000000e+000
7.141428e-001 7.000000e-001 0.000000e+000
6.420453e-001 7.666667e-001 0.000000e+000
5.527708e-001 8.333333e-001 0.000000e+000
4.358899e-001 9.000000e-001 0.000000e+000
2.560382e-001 9.666667e-001 0.000000e+000
0.000000e+000 -9.666667e-001 2.560382e-001
0.000000e+000 -9.000000e-001 4.358899e-001
0.000000e+000 -8.333333e-001 5.527708e-001
0.000000e+000 -7.666667e-001 6.420453e-001
0.000000e+000 -7.000000e-001 7.141428e-001
0.000000e+000 -6.333333e-001 7.738791e-001
0.000000e+000 -5.666667e-001 8.239471e-001
0.000000e+000 -5.000000e-001 8.660254e-001
0.000000e+000 -4.333333e-001 9.012337e-001
0.000000e+000 -3.666667e-001 9.303524e-001
0.000000e+000 -3.000000e-001 9.539392e-001
0.000000e+000 -2.333333e-001 9.723968e-001
0.000000e+000 -1.666667e-001 9.860133e-001
0.000000e+000 -1.000000e-001 9.949874e-001
0.000000e+000 -3.333333e-002 9.994443e-001
0.000000e+000 3.333333e-002 9.994443e-001
0.000000e+000 1.000000e-001 9.949874e-001
0.000000e+000 1.666667e-001 9.860133e-001
0.000000e+000 2.333333e-001 9.723968e-001
0.000000e+000 3.000000e-001 9.539392e-001
0.000000e+000 3.666667e-001 9.303524e-001
0.000000e+000 4.333333e-001 9.012337e-001
0.000000e+000 5.000000e-001 8.660254e-001
0.000000e+000 5.666667e-001 8.239471e-001
0.000000e+000 6.333333e-001 7.738791e-001
0.000000e+000 7.000000e-001 7.141428e-001
0.000000e+000 7.666667e-001 6.420453e-001
0.000000e+000 8.333333e-001 5.527708e-001
0.000000e+000 9.000000e-001 4.358899e-001
0.000000e+000 9.666667e-001 2.560382e-001
0.000000e+000 -9.666667e-001 2.560382e-001
0.000000e+000 -9.000000e-001 4.358899e-001
0.000000e+000 -8.333333e-001 5.527708e-001
0.000000e+000 -7.666667e-001 6.420453e-001
0.000000e+000 -7.000000e-001 7.141428e-001
0.000000e+000 -6.333333e-001 7.738791e-001
0.000000e+000 -5.666667e-001 8.239471e-001
0.000000e+000 -5.000000e-001 8.660254e-001
0.000000e+000 -4.333333e-001 9.012337e-001
0.000000e+000 -3.666667e-001 9.303524e-001
0.000000e+000 -3.000000e-001 9.539392e-001
0.000000e+000 -2.333333e-001 9.723968e-001
0.000000e+000 -1.666667e-001 9.860133e-001
0.000000e+000 -1.000000e-001 9.949874e-001
0.000000e+000 -3.333333e-002 9.994443e-001
0.000000e+000 3.333333e-002 9.994443e-001
0.000000e+000 1.000000e-001 9.949874e-001
0.000000e+000 1.666667e-001 9.860133e-001
0.000000e+000 2.333333e-001 9.723968e-001
0.000000e+000 3.000000e-001 9.539392e-001
0.000000e+000 3.666667e-001 9.303524e-001
0.000000e+000 4.333333e-001 9.012337e-001
0.000000e+000 5.000000e-001 8.660254e-001
0.000000e+000 5.666667e-001 8.239471e-001
0.000000e+000 6.333333e-001 7.738791e-001
0.000000e+000 7.000000e-001 7.141428e-001
0.000000e+000 7.666667e-001 6.420453e-001
0.000000e+000 8.333333e-001 5.527708e-001
0.000000e+000 9.000000e-001 4.358899e-001
0.000000e+000 9.666667e-001 2.560382e-001
0.000000e+000 -9.666667e-001 2.560382e-001
0.000000e+000 -9.000000e-001 4.358899e-001
0.000000e+000 -8.333333e-001 5.527708e-001
0.000000e+000 -7.666667e-001 6.420453e-001
0.000000e+000 -7.000000e-001 7.141428e-001
0.000000e+000 -6.333333e-001 7.738791e-001
0.000000e+000 -5.666667e-001 8.239471e-001
0.000000e+000 -5.000000e-001 8.660254e-001
0.000000e+000 -4.333333e-001 9.012337e-001
0.000000e+000 -3.666667e-001 9.303524e-001
0.000000e+000 -3.000000e-001 9.539392e-001
0.000000e+000 -2.333333e-001 9.723968e-001
0.000000e+000 -1.666667e-001 9.860133e-001
0.000000e+000 -1.000000e-001 9.949874e-001
0.000000e+000 -3.333333e-002 9.994443e-001
0.000000e+000 3.333333e-002 9.994443e-001
0.000000e+000 1.000000e-001 9.949874e-001
0.000000e+000 1.666667e-001 9.860133e-001
0.000000e+000 2.333333e-001 9.723968e-001
0.000000e+000 3.000000e-001 9.539392e-001
0.000000e+000 3.666667e-001 9.303524e-001
0.000000e+000 4.333333e-001 9.012337e-001
0.000000e+000 5.000000e-001 8.660254e-001
0.000000e+000 5.666667e-001 8.239471e-001
0.000000e+000 6.333333e-001 7.738791e-001
0.000000e+000 7.000000e-001 7.141428e-001
0.000000e+000 7.666667e-001 6.420453e-001
0.000000e+000 8.333333e-001 5.527708e-001
0.000000e+000 9.000000e-001 4.358899e-001
0.000000e+000 9.666667e-001 2.560382e-001
0.000000e+000 -9.666667e-001 2.560382e-001
0.000000e+000 -9.000000e-001 4.358899e-001
0.000000e+000 -8.333333e-001 5.527708e-001
0.000000e+000 -7.666667e-001 6.420453e-001
0.000000e+000 -7.000000e-001 7.141428e-001
0.000000e+000 -6.333333e-001 7.738791e-001
0.000000e+000 -5.666667e-001 8.239471e-001
0.000000e+000 -5.000000e-001 8.660254e-001
0.000000e+000 -4.333333e-001 9.012337e-001
0.000000e+000 -3.666667e-001 9.303524e-001
0.000000e+000 -3.000000e-001 9.539392e-001
0.000000e+000 -2.333333e-001 9.723968e-001
0.000000e+000 -1.666667e-001 9.860133e-001
0.000000e+000 -1.000000e-001 9.949874e-001
0.000000e+000 -3.333333e-002 9.994443e-001
0.000000e+000 3.333333e-002 9.994443e-001
0.000000e+000 1.000000e-001 9.949874e-001
0.000000e+000 1.666667e-001 9.860133e-001
0.000000e+000 2.333333e-001 9.723968e-001
0.000000e+000 3.000000e-001 9.539392e-001
0.000000e+000 3.666667e-001 9.303524e-001
0.000000e+000 4.333333e-001 9.012337e-001
0.000000e+000 5.000000e-001 8.660254e-001
0.000000e+000 5.666667e-001 8.239471e-001
0.000000e+000 6.333333e-001 7.738791e-001
0.000000e+000 7.000000e-001 7.141428e-001
0.000000e+000 7.666667e-001 6.420453e-001
0.000000e+000 8.333333e-001 5.527708e-001
0.000000e+000 9.000000e-001 4.358899e-001
0.000000e+000 9.666667e-001 2.560382e-001
-2.560382e-001 -9.666667e-001 0.000000e+000
-4.358899e-001 -9.000000e-001 0.000000e+000
-5.527708e-001 -8.333333e-001 0.000000e+000
-6.420453e-001 -7.666667e-001 0.000000e+000
-7.141428e-001 -7.000000e-001 0.000000e+000
-7.738791e-001 -6.333333e-001 0.000000e+000
-8.239471e-001 -5.666667e-001 0.000000e+000
-8.660254e-001 -5.000000e-001 0.000000e+000
-9.012337e-001 -4.333333e-001 0.000000e+000
-9.303524e-001 -3.666667e-001 0.000000e+000
-9.539392e-001 -3.000000e-001 0.000000e+000
-9.723968e-001 -2.333333e-001 0.000000e+000
-9.860133e-001 -1.666667e-001 0.000000e+000
-9.949874e-001 -1.000000e-001 0.000000e+000
-9.994443e-001 -3.333333e-002 0.000000e+000
-9.994443e-001 3.333333e-002 0.000000e+000
-9.949874e-001 1.000000e-001 0.000000e+000
-9.860133e-001 1.666667e-001 0.000000e+000
-9.723968e-001 2.333333e-001 0.000000e+000
-9.539392e-001 3.000000e-001 0.000000e+000
-9.303524e-001 3.666667e-001 0.000000e+000
-9.012337e-001 4.333333e-001 0.000000e+000
-8.660254e-001 5.000000e-001 0.000000e+000
-8.239471e-001 5.666667e-001 0.000000e+000
-7.738791e-001 6.333333e-001 0.000000e+000
-7.141428e-001 7.000000e-001 0.000000e+000
-6.420453e-001 7.666667e-001 0.000000e+000
-5.527708e-001 8.333333e-001 0.000000e+000
-4.358899e-001 9.000000e-001 0.000000e+000
-2.560382e-001 9.666667e-001 0.000000e+000

