0.01241824E+3 0.09568122E+3
0.00993459E+3 0.09661578E+3
0.00827882E+3 0.09709157E+3
0.00709613E+3 0.09736478E+3
0.00620912E+3 0.09752970E+3
0.00551922E+3 0.09764682E+3
0.00496729E+3 0.09772406E+3
0.00451572E+3 0.09777907E+3
0.00413941E+3 0.09781917E+3
0.00382100E+3 0.09784914E+3
0.00354807E+3 0.09787263E+3
0.00331153E+3 0.09789032E+3
0.00310456E+3 0.09790433E+3
0.00292194E+3 0.09791576E+3
0.00275961E+3 0.09792467E+3
0.00261437E+3 0.09793150E+3
0.00248365E+3 0.09793714E+3
0.00236538E+3 0.09794224E+3
0.00225786E+3 0.09794633E+3
0.00215969E+3 0.09794933E+3
0.00206971E+3 0.09795210E+3
0.00198692E+3 0.09795424E+3
0.00191050E+3 0.09795760E+3
0.00183974E+3 0.09795833E+3
