#x:1.880000e-005  y:6.000000e-006
#x(nm) y(nm) vx vy:
-1.880000e+002 -6.000000e+001 5.786341e+000 -8.155470e+000
-1.800000e+002 -6.000000e+001 7.755378e+000 -6.312821e+000
-1.720000e+002 -6.000000e+001 8.935233e+000 -4.490141e+000
-1.640000e+002 -6.000000e+001 9.455345e+000 -3.255211e+000
-1.560000e+002 -6.000000e+001 9.679792e+000 -2.510211e+000
-1.480000e+002 -6.000000e+001 9.788259e+000 -2.046679e+000
-1.400000e+002 -6.000000e+001 9.852093e+000 -1.712979e+000
-1.320000e+002 -6.000000e+001 9.898952e+000 -1.416894e+000
-1.240000e+002 -6.000000e+001 9.938476e+000 -1.105420e+000
-1.160000e+002 -6.000000e+001 9.971384e+000 -7.515529e-001
-1.080000e+002 -6.000000e+001 9.993496e+000 -3.481233e-001
-1.000000e+002 -6.000000e+001 9.998974e+000 9.550970e-002
-9.200000e+001 -6.000000e+001 9.983746e+000 5.569109e-001
-8.400000e+001 -6.000000e+001 9.948664e+000 1.002363e+000
-7.600000e+001 -6.000000e+001 9.903341e+000 1.377404e+000
-6.800000e+001 -6.000000e+001 9.872491e+000 1.580012e+000
-6.000000e+001 -6.000000e+001 9.892767e+000 1.442927e+000
-5.200000e+001 -6.000000e+001 9.963313e+000 8.197442e-001
-4.400000e+001 -6.000000e+001 9.996320e+000 -1.401518e-001
-3.600000e+001 -6.000000e+001 9.955598e+000 -9.231272e-001
-2.800000e+001 -6.000000e+001 9.925719e+000 -1.210296e+000
-2.000000e+001 -6.000000e+001 9.941674e+000 -1.076211e+000
-1.200000e+001 -6.000000e+001 9.975022e+000 -7.056813e-001
-4.000000e+000 -6.000000e+001 9.997308e+000 -2.318358e-001
4.000000e+000 -6.000000e+001 9.996347e+000 2.702253e-001
1.200000e+001 -6.000000e+001 9.972080e+000 7.464832e-001
2.000000e+001 -6.000000e+001 9.936465e+000 1.124204e+000
2.800000e+001 -6.000000e+001 9.917907e+000 1.274287e+000
3.600000e+001 -6.000000e+001 9.947052e+000 1.012985e+000
4.400000e+001 -6.000000e+001 9.994099e+000 2.525464e-001
5.200000e+001 -6.000000e+001 9.971367e+000 -7.121598e-001
6.000000e+001 -6.000000e+001 9.903960e+000 -1.362633e+000
6.800000e+001 -6.000000e+001 9.880851e+000 -1.526372e+000
7.600000e+001 -6.000000e+001 9.908143e+000 -1.342296e+000
8.400000e+001 -6.000000e+001 9.950777e+000 -9.810641e-001
9.200000e+001 -6.000000e+001 9.984171e+000 -5.488854e-001
1.000000e+002 -6.000000e+001 9.998890e+000 -1.017218e-001
1.080000e+002 -6.000000e+001 9.994174e+000 3.276650e-001
1.160000e+002 -6.000000e+001 9.973819e+000 7.185650e-001
1.240000e+002 -6.000000e+001 9.943164e+000 1.062625e+000
1.320000e+002 -6.000000e+001 9.906015e+000 1.366869e+000
1.400000e+002 -6.000000e+001 9.861653e+000 1.657232e+000
1.480000e+002 -6.000000e+001 9.800957e+000 1.985029e+000
1.560000e+002 -6.000000e+001 9.697604e+000 2.440319e+000
1.640000e+002 -6.000000e+001 9.483204e+000 3.172346e+000
1.720000e+002 -6.000000e+001 8.984062e+000 4.388803e+000
1.800000e+002 -6.000000e+001 7.843431e+000 6.195377e+000
1.880000e+002 -6.000000e+001 5.920861e+000 8.044591e+000
-1.880000e+002 -5.200000e+001 4.026981e+000 -9.153224e+000
-1.800000e+002 -5.200000e+001 5.960912e+000 -8.029111e+000
-1.720000e+002 -5.200000e+001 7.761532e+000 -6.305437e+000
-1.640000e+002 -5.200000e+001 8.832683e+000 -4.688670e+000
-1.560000e+002 -5.200000e+001 9.355876e+000 -3.530858e+000
-1.480000e+002 -5.200000e+001 9.606640e+000 -2.776862e+000
-1.400000e+002 -5.200000e+001 9.740963e+000 -2.260700e+000
-1.320000e+002 -5.200000e+001 9.828315e+000 -1.843725e+000
-1.240000e+002 -5.200000e+001 9.896238e+000 -1.434177e+000
-1.160000e+002 -5.200000e+001 9.951410e+000 -9.790609e-001
-1.080000e+002 -5.200000e+001 9.988793e+000 -4.576645e-001
-1.000000e+002 -5.200000e+001 9.998322e+000 1.215124e-001
-9.200000e+001 -5.200000e+001 9.972412e+000 7.257602e-001
-8.400000e+001 -5.200000e+001 9.912751e+000 1.305924e+000
-7.600000e+001 -5.200000e+001 9.836221e+000 1.790435e+000
-6.800000e+001 -5.200000e+001 9.784212e+000 2.051908e+000
-6.000000e+001 -5.200000e+001 9.818387e+000 1.876600e+000
-5.200000e+001 -5.200000e+001 9.939839e+000 1.053650e+000
-4.400000e+001 -5.200000e+001 9.993228e+000 -2.404456e-001
-3.600000e+001 -5.200000e+001 9.915812e+000 -1.276630e+000
-2.800000e+001 -5.200000e+001 9.864652e+000 -1.633629e+000
-2.000000e+001 -5.200000e+001 9.895306e+000 -1.441354e+000
-1.200000e+001 -5.200000e+001 9.955247e+000 -9.447138e-001
-4.000000e+000 -5.200000e+001 9.995108e+000 -3.127384e-001
4.000000e+000 -5.200000e+001 9.993628e+000 3.568414e-001
1.200000e+001 -5.200000e+001 9.950764e+000 9.910482e-001
2.000000e+001 -5.200000e+001 9.887458e+000 1.495051e+000
2.800000e+001 -5.200000e+001 9.852830e+000 1.704984e+000
3.600000e+001 -5.200000e+001 9.902381e+000 1.378808e+000
4.400000e+001 -5.200000e+001 9.989161e+000 3.723424e-001
5.200000e+001 -5.200000e+001 9.952246e+000 -9.263385e-001
6.000000e+001 -5.200000e+001 9.835846e+000 -1.781842e+000
6.800000e+001 -5.200000e+001 9.797529e+000 -1.987252e+000
7.600000e+001 -5.200000e+001 9.844222e+000 -1.746125e+000
8.400000e+001 -5.200000e+001 9.916468e+000 -1.277547e+000
9.200000e+001 -5.200000e+001 9.973217e+000 -7.144023e-001
1.000000e+002 -5.200000e+001 9.998186e+000 -1.297634e-001
1.080000e+002 -5.200000e+001 9.990020e+000 4.295507e-001
1.160000e+002 -5.200000e+001 9.955744e+000 9.339951e-001
1.240000e+002 -5.200000e+001 9.904469e+000 1.376372e+000
1.320000e+002 -5.200000e+001 9.840717e+000 1.776541e+000
1.400000e+002 -5.200000e+001 9.758170e+000 2.185370e+000
1.480000e+002 -5.200000e+001 9.630722e+000 2.692184e+000
1.560000e+002 -5.200000e+001 9.391791e+000 3.434076e+000
1.640000e+002 -5.200000e+001 8.889693e+000 4.579268e+000
1.720000e+002 -5.200000e+001 7.849805e+000 6.194053e+000
1.800000e+002 -5.200000e+001 6.074486e+000 7.940882e+000
1.880000e+002 -5.200000e+001 4.138226e+000 9.099346e+000
-1.880000e+002 -4.400000e+001 2.546144e+000 -9.670415e+000
-1.800000e+002 -4.400000e+001 3.944217e+000 -9.189290e+000
-1.720000e+002 -4.400000e+001 5.818288e+000 -8.133112e+000
-1.640000e+002 -4.400000e+001 7.482807e+000 -6.633803e+000
-1.560000e+002 -4.400000e+001 8.572894e+000 -5.148231e+000
-1.480000e+002 -4.400000e+001 9.170738e+000 -3.986787e+000
-1.400000e+002 -4.400000e+001 9.489699e+000 -3.152678e+000
-1.320000e+002 -4.400000e+001 9.678098e+000 -2.514677e+000
-1.240000e+002 -4.400000e+001 9.809478e+000 -1.938415e+000
-1.160000e+002 -4.400000e+001 9.910354e+000 -1.327228e+000
-1.080000e+002 -4.400000e+001 9.978513e+000 -6.314917e-001
-1.000000e+002 -4.400000e+001 9.996974e+000 1.458880e-001
-9.200000e+001 -4.400000e+001 9.951943e+000 9.524416e-001
-8.400000e+001 -4.400000e+001 9.849175e+000 1.710112e+000
-7.600000e+001 -4.400000e+001 9.720941e+000 2.326133e+000
-6.800000e+001 -4.400000e+001 9.635454e+000 2.652910e+000
-6.000000e+001 -4.400000e+001 9.692264e+000 2.431641e+000
-5.200000e+001 -4.400000e+001 9.899674e+000 1.356132e+000
-4.400000e+001 -4.400000e+001 9.985889e+000 -3.915956e-001
-3.600000e+001 -4.400000e+001 9.841084e+000 -1.754349e+000
-2.800000e+001 -4.400000e+001 9.756091e+000 -2.188056e+000
-2.000000e+001 -4.400000e+001 9.813531e+000 -1.920197e+000
-1.200000e+001 -4.400000e+001 9.919867e+000 -1.263305e+000
-4.000000e+000 -4.400000e+001 9.991069e+000 -4.219919e-001
4.000000e+000 -4.400000e+001 9.988723e+000 4.739922e-001
1.200000e+001 -4.400000e+001 9.912909e+000 1.316900e+000
2.000000e+001 -4.400000e+001 9.801733e+000 1.980369e+000
2.800000e+001 -4.400000e+001 9.738633e+000 2.266012e+000
3.600000e+001 -4.400000e+001 9.820591e+000 1.866963e+000
4.400000e+001 -4.400000e+001 9.978478e+000 5.426962e-001
5.200000e+001 -4.400000e+001 9.918087e+000 -1.208485e+000
6.000000e+001 -4.400000e+001 9.718943e+000 -2.321219e+000
6.800000e+001 -4.400000e+001 9.656872e+000 -2.573928e+000
7.600000e+001 -4.400000e+001 9.734890e+000 -2.267524e+000
8.400000e+001 -4.400000e+001 9.856197e+000 -1.669264e+000
9.200000e+001 -4.400000e+001 9.953560e+000 -9.343097e-001
1.000000e+002 -4.400000e+001 9.996658e+000 -1.567784e-001
1.080000e+002 -4.400000e+001 9.980882e+000 5.908499e-001
1.160000e+002 -4.400000e+001 9.918774e+000 1.262336e+000
1.240000e+002 -4.400000e+001 9.825373e+000 1.856160e+000
1.320000e+002 -4.400000e+001 9.702365e+000 2.419443e+000
1.400000e+002 -4.400000e+001 9.524677e+000 3.045419e+000
1.480000e+002 -4.400000e+001 9.221883e+000 3.866987e+000
1.560000e+002 -4.400000e+001 8.648842e+000 5.019498e+000
1.640000e+002 -4.400000e+001 7.588821e+000 6.512087e+000
1.720000e+002 -4.400000e+001 5.940869e+000 8.043693e+000
1.800000e+002 -4.400000e+001 4.053550e+000 9.141024e+000
1.880000e+002 -4.400000e+001 2.629316e+000 9.647328e+000
-1.880000e+002 -3.600000e+001 1.604836e+000 -9.870385e+000
-1.800000e+002 -3.600000e+001 2.458356e+000 -9.693115e+000
-1.720000e+002 -3.600000e+001 3.852904e+000 -9.227949e+000
-1.640000e+002 -3.600000e+001 5.548854e+000 -8.319229e+000
-1.560000e+002 -3.600000e+001 7.124461e+000 -7.017080e+000
-1.480000e+002 -3.600000e+001 8.258928e+000 -5.637625e+000
-1.400000e+002 -3.600000e+001 8.952794e+000 -4.453350e+000
-1.320000e+002 -3.600000e+001 9.365078e+000 -3.502827e+000
-1.240000e+002 -3.600000e+001 9.632924e+000 -2.677757e+000
-1.160000e+002 -3.600000e+001 9.826435e+000 -1.842735e+000
-1.080000e+002 -3.600000e+001 9.956536e+000 -9.021654e-001
-1.000000e+002 -3.600000e+001 9.995450e+000 1.552021e-001
-9.200000e+001 -3.600000e+001 9.918539e+000 1.235920e+000
-8.400000e+001 -3.600000e+001 9.746390e+000 2.206705e+000
-7.600000e+001 -3.600000e+001 9.543321e+000 2.956096e+000
-6.800000e+001 -3.600000e+001 9.414772e+000 3.337570e+000
-6.000000e+001 -3.600000e+001 9.506766e+000 3.064862e+000
-5.200000e+001 -3.600000e+001 9.843245e+000 1.708314e+000
-4.400000e+001 -3.600000e+001 9.975584e+000 -5.953538e-001
-3.600000e+001 -3.600000e+001 9.719968e+000 -2.332434e+000
-2.800000e+001 -3.600000e+001 9.585863e+000 -2.841095e+000
-2.000000e+001 -3.600000e+001 9.683761e+000 -2.492714e+000
-1.200000e+001 -3.600000e+001 9.861771e+000 -1.656716e+000
-4.000000e+000 -3.600000e+001 9.984269e+000 -5.604353e-001
4.000000e+000 -3.600000e+001 9.980599e+000 6.221578e-001
1.200000e+001 -3.600000e+001 9.851247e+000 1.718380e+000
2.000000e+001 -3.600000e+001 9.666813e+000 2.558474e+000
2.800000e+001 -3.600000e+001 9.561700e+000 2.922321e+000
3.600000e+001 -3.600000e+001 9.690819e+000 2.449433e+000
4.400000e+001 -3.600000e+001 9.962709e+000 7.599481e-001
5.200000e+001 -3.600000e+001 9.868015e+000 -1.544191e+000
6.000000e+001 -3.600000e+001 9.544878e+000 -2.939553e+000
6.800000e+001 -3.600000e+001 9.448169e+000 -3.240767e+000
7.600000e+001 -3.600000e+001 9.567651e+000 -2.875998e+000
8.400000e+001 -3.600000e+001 9.759901e+000 -2.144358e+000
9.200000e+001 -3.600000e+001 9.921707e+000 -1.204266e+000
1.000000e+002 -3.600000e+001 9.994408e+000 -1.692146e-001
1.080000e+002 -3.600000e+001 9.961247e+000 8.407846e-001
1.160000e+002 -3.600000e+001 9.843725e+000 1.745653e+000
1.240000e+002 -3.600000e+001 9.665369e+000 2.557314e+000
1.320000e+002 -3.600000e+001 9.414989e+000 3.366001e+000
1.400000e+002 -3.600000e+001 9.025395e+000 4.304075e+000
1.480000e+002 -3.600000e+001 8.361389e+000 5.484336e+000
1.560000e+002 -3.600000e+001 7.256965e+000 6.879832e+000
1.640000e+002 -3.600000e+001 5.691987e+000 8.221872e+000
1.720000e+002 -3.600000e+001 3.976569e+000 9.175260e+000
1.800000e+002 -3.600000e+001 2.548662e+000 9.669672e+000
1.880000e+002 -3.600000e+001 1.669298e+000 9.859569e+000
-1.880000e+002 -2.800000e+001 1.031201e+000 -9.946686e+000
-1.800000e+002 -2.800000e+001 1.522935e+000 -9.883349e+000
-1.720000e+002 -2.800000e+001 2.389372e+000 -9.710337e+000
-1.640000e+002 -2.800000e+001 3.644451e+000 -9.312186e+000
-1.560000e+002 -2.800000e+001 5.177307e+000 -8.555152e+000
-1.480000e+002 -2.800000e+001 6.686043e+000 -7.435180e+000
-1.400000e+002 -2.800000e+001 7.881037e+000 -6.152785e+000
-1.320000e+002 -2.800000e+001 8.700301e+000 -4.924790e+000
-1.240000e+002 -2.800000e+001 9.248573e+000 -3.795301e+000
-1.160000e+002 -2.800000e+001 9.638400e+000 -2.655139e+000
-1.080000e+002 -2.800000e+001 9.905401e+000 -1.358593e+000
-1.000000e+002 -2.800000e+001 9.997131e+000 1.327832e-001
-9.200000e+001 -2.800000e+001 9.862990e+000 1.622970e+000
-8.400000e+001 -2.800000e+001 9.573594e+000 2.856753e+000
-7.600000e+001 -2.800000e+001 9.264992e+000 3.725983e+000
-6.800000e+001 -2.800000e+001 9.090679e+000 4.133223e+000
-6.000000e+001 -2.800000e+001 9.243771e+000 3.794678e+000
-5.200000e+001 -2.800000e+001 9.770264e+000 2.125852e+000
-4.400000e+001 -2.800000e+001 9.962742e+000 -8.624089e-001
-3.600000e+001 -2.800000e+001 9.529588e+000 -3.030206e+000
-2.800000e+001 -2.800000e+001 9.319137e+000 -3.624283e+000
-2.000000e+001 -2.800000e+001 9.470604e+000 -3.207572e+000
-1.200000e+001 -2.800000e+001 9.759324e+000 -2.177432e+000
-4.000000e+000 -2.800000e+001 9.971000e+000 -7.528999e-001
4.000000e+000 -2.800000e+001 9.965349e+000 8.253943e-001
1.200000e+001 -2.800000e+001 9.744049e+000 2.245758e+000
2.000000e+001 -2.800000e+001 9.447939e+000 3.274403e+000
2.800000e+001 -2.800000e+001 9.288752e+000 3.701103e+000
3.600000e+001 -2.800000e+001 9.492882e+000 3.141104e+000
4.400000e+001 -2.800000e+001 9.945710e+000 1.031222e+000
5.200000e+001 -2.800000e+001 9.804079e+000 -1.949167e+000
6.000000e+001 -2.800000e+001 9.297788e+000 -3.651110e+000
6.800000e+001 -2.800000e+001 9.143823e+000 -4.009333e+000
7.600000e+001 -2.800000e+001 9.309286e+000 -3.609642e+000
8.400000e+001 -2.800000e+001 9.601372e+000 -2.753929e+000
9.200000e+001 -2.800000e+001 9.870032e+000 -1.562259e+000
1.000000e+002 -2.800000e+001 9.994385e+000 -1.507485e-001
1.080000e+002 -2.800000e+001 9.916502e+000 1.258612e+000
1.160000e+002 -2.800000e+001 9.677581e+000 2.502241e+000
1.240000e+002 -2.800000e+001 9.319159e+000 3.615623e+000
1.320000e+002 -2.800000e+001 8.804590e+000 4.734397e+000
1.400000e+002 -2.800000e+001 8.021462e+000 5.967788e+000
1.480000e+002 -2.800000e+001 6.855222e+000 7.279096e+000
1.560000e+002 -2.800000e+001 5.349512e+000 8.448377e+000
1.640000e+002 -2.800000e+001 3.789956e+000 9.253866e+000
1.720000e+002 -2.800000e+001 2.496600e+000 9.683303e+000
1.800000e+002 -2.800000e+001 1.597750e+000 9.871518e+000
1.880000e+002 -2.800000e+001 1.085974e+000 9.940842e+000
-1.880000e+002 -2.000000e+001 6.508105e-001 -9.978795e+000
-1.800000e+002 -2.000000e+001 9.270069e-001 -9.956933e+000
-1.720000e+002 -2.000000e+001 1.418171e+000 -9.898909e+000
-1.640000e+002 -2.000000e+001 2.182584e+000 -9.758826e+000
-1.560000e+002 -2.000000e+001 3.273910e+000 -9.448526e+000
-1.480000e+002 -2.000000e+001 4.642549e+000 -8.855742e+000
-1.400000e+002 -2.000000e+001 6.086684e+000 -7.931018e+000
-1.320000e+002 -2.000000e+001 7.365088e+000 -6.759040e+000
-1.240000e+002 -2.000000e+001 8.376453e+000 -5.458036e+000
-1.160000e+002 -2.000000e+001 9.163738e+000 -4.003131e+000
-1.080000e+002 -2.000000e+001 9.751869e+000 -2.201853e+000
-1.000000e+002 -2.000000e+001 9.993768e+000 5.029225e-002
-9.200000e+001 -2.000000e+001 9.742051e+000 2.253928e+000
-8.400000e+001 -2.000000e+001 9.233275e+000 3.832025e+000
-7.600000e+001 -2.000000e+001 8.772025e+000 4.780218e+000
-6.800000e+001 -2.000000e+001 8.560162e+000 5.159339e+000
-6.000000e+001 -2.000000e+001 8.813353e+000 4.720110e+000
-5.200000e+001 -2.000000e+001 9.583057e+000 2.663701e+000
-4.400000e+001 -2.000000e+001 9.836941e+000 -1.213617e+000
-3.600000e+001 -2.000000e+001 9.167016e+000 -3.926420e+000
-2.800000e+001 -2.000000e+001 8.848665e+000 -4.656287e+000
-2.000000e+001 -2.000000e+001 9.066799e+000 -4.211461e+000
-1.200000e+001 -2.000000e+001 9.534609e+000 -2.973089e+000
-4.000000e+000 -2.000000e+001 9.919028e+000 -1.070805e+000
4.000000e+000 -2.000000e+001 9.910806e+000 1.151591e+000
1.200000e+001 -2.000000e+001 9.515074e+000 3.038900e+000
2.000000e+001 -2.000000e+001 9.042922e+000 4.262787e+000
2.800000e+001 -2.000000e+001 8.822874e+000 4.706386e+000
3.600000e+001 -2.000000e+001 9.144728e+000 4.007726e+000
4.400000e+001 -2.000000e+001 9.853851e+000 1.371283e+000
5.200000e+001 -2.000000e+001 9.661881e+000 -2.473098e+000
6.000000e+001 -2.000000e+001 8.911084e+000 -4.537832e+000
6.800000e+001 -2.000000e+001 8.661330e+000 -4.979876e+000
7.600000e+001 -2.000000e+001 8.866866e+000 -4.592156e+000
8.400000e+001 -2.000000e+001 9.303825e+000 -3.644562e+000
9.200000e+001 -2.000000e+001 9.770782e+000 -2.125079e+000
1.000000e+002 -2.000000e+001 9.999561e+000 -7.376703e-002
1.080000e+002 -2.000000e+001 9.793317e+000 2.022558e+000
1.160000e+002 -2.000000e+001 9.267331e+000 3.752459e+000
1.240000e+002 -2.000000e+001 8.537155e+000 5.198358e+000
1.320000e+002 -2.000000e+001 7.570130e+000 6.525914e+000
1.400000e+002 -2.000000e+001 6.313705e+000 7.750220e+000
1.480000e+002 -2.000000e+001 4.857841e+000 8.738964e+000
1.560000e+002 -2.000000e+001 3.449899e+000 9.385529e+000
1.640000e+002 -2.000000e+001 2.312644e+000 9.728787e+000
1.720000e+002 -2.000000e+001 1.510578e+000 9.885225e+000
1.800000e+002 -2.000000e+001 9.932840e-001 9.950541e+000
1.880000e+002 -2.000000e+001 7.014123e-001 9.975367e+000
-1.880000e+002 -1.200000e+001 3.583935e-001 -9.993570e+000
-1.800000e+002 -1.200000e+001 4.987840e-001 -9.987544e+000
-1.720000e+002 -1.200000e+001 7.449938e-001 -9.972186e+000
-1.640000e+002 -1.200000e+001 1.135716e+000 -9.935199e+000
-1.560000e+002 -1.200000e+001 1.734207e+000 -9.848073e+000
-1.480000e+002 -1.200000e+001 2.597469e+000 -9.655420e+000
-1.400000e+002 -1.200000e+001 3.730327e+000 -9.275148e+000
-1.320000e+002 -1.200000e+001 5.050928e+000 -8.627559e+000
-1.240000e+002 -1.200000e+001 6.433118e+000 -7.656012e+000
-1.160000e+002 -1.200000e+001 7.799866e+000 -6.219335e+000
-1.080000e+002 -1.200000e+001 9.055835e+000 -3.870250e+000
-1.000000e+002 -1.200000e+001 9.708735e+000 -1.414452e-001
-9.200000e+001 -1.200000e+001 9.210432e+000 3.527307e+000
-8.400000e+001 -1.200000e+001 8.284244e+000 5.574416e+000
-7.600000e+001 -1.200000e+001 7.601320e+000 6.497675e+000
-6.800000e+001 -1.200000e+001 7.355141e+000 6.763821e+000
-6.000000e+001 -1.200000e+001 7.678637e+000 6.139440e+000
-5.200000e+001 -1.200000e+001 8.533274e+000 3.444514e+000
-4.400000e+001 -1.200000e+001 8.787534e+000 -1.698681e+000
-3.600000e+001 -1.200000e+001 8.065780e+000 -5.268681e+000
-2.800000e+001 -1.200000e+001 7.728143e+000 -6.294903e+000
-2.000000e+001 -1.200000e+001 8.051324e+000 -5.903267e+000
-1.200000e+001 -1.200000e+001 8.799037e+000 -4.435078e+000
-4.000000e+000 -1.200000e+001 9.513651e+000 -1.711336e+000
4.000000e+000 -1.200000e+001 9.506590e+000 1.786502e+000
1.200000e+001 -1.200000e+001 8.790363e+000 4.468486e+000
2.000000e+001 -1.200000e+001 8.058615e+000 5.893013e+000
2.800000e+001 -1.200000e+001 7.767269e+000 6.261916e+000
3.600000e+001 -1.200000e+001 8.171857e+000 5.269708e+000
4.400000e+001 -1.200000e+001 9.025275e+000 1.815767e+000
5.200000e+001 -1.200000e+001 8.840427e+000 -3.237711e+000
6.000000e+001 -1.200000e+001 7.959993e+000 -5.870920e+000
6.800000e+001 -1.200000e+001 7.625992e+000 -6.466137e+000
7.600000e+001 -1.200000e+001 7.869981e+000 -6.166832e+000
8.400000e+001 -1.200000e+001 8.531231e+000 -5.212836e+000
9.200000e+001 -1.200000e+001 9.400361e+000 -3.241591e+000
1.000000e+002 -1.200000e+001 9.864706e+000 1.099081e-001
1.080000e+002 -1.200000e+001 9.282506e+000 3.534990e+000
1.160000e+002 -1.200000e+001 8.116424e+000 5.829757e+000
1.240000e+002 -1.200000e+001 6.791482e+000 7.338710e+000
1.320000e+002 -1.200000e+001 5.398002e+000 8.412164e+000
1.400000e+002 -1.200000e+001 4.025369e+000 9.149714e+000
1.480000e+002 -1.200000e+001 2.823731e+000 9.591242e+000
1.560000e+002 -1.200000e+001 1.897664e+000 9.817762e+000
1.640000e+002 -1.200000e+001 1.252072e+000 9.921183e+000
1.720000e+002 -1.200000e+001 8.291332e-001 9.965542e+000
1.800000e+002 -1.200000e+001 5.614153e-001 9.984222e+000
1.880000e+002 -1.200000e+001 4.076153e-001 9.991686e+000
-1.880000e+002 -4.000000e+000 1.003060e-001 -9.999491e+000
-1.800000e+002 -4.000000e+000 1.398546e-001 -9.999013e+000
-1.720000e+002 -4.000000e+000 2.090802e-001 -9.997787e+000
-1.640000e+002 -4.000000e+000 3.197996e-001 -9.994775e+000
-1.560000e+002 -4.000000e+000 4.940789e-001 -9.987352e+000
-1.480000e+002 -4.000000e+000 7.613693e-001 -9.969608e+000
-1.400000e+002 -4.000000e+000 1.155992e+000 -9.930289e+000
-1.320000e+002 -4.000000e+000 1.719485e+000 -9.849822e+000
-1.240000e+002 -4.000000e+000 2.522615e+000 -9.668583e+000
-1.160000e+002 -4.000000e+000 3.699705e+000 -9.071094e+000
-1.080000e+002 -4.000000e+000 5.313020e+000 -6.771404e+000
-1.000000e+002 -4.000000e+000 6.496919e+000 -4.865656e-001
-9.200000e+001 -4.000000e+000 5.840848e+000 6.097389e+000
-8.400000e+001 -4.000000e+000 4.605784e+000 8.589940e+000
-7.600000e+001 -4.000000e+000 3.848630e+000 9.186640e+000
-6.800000e+001 -4.000000e+000 3.588408e+000 9.194202e+000
-6.000000e+001 -4.000000e+000 3.694698e+000 8.194142e+000
-5.200000e+001 -4.000000e+000 4.001791e+000 4.409653e+000
-4.400000e+001 -4.000000e+000 4.141157e+000 -2.296134e+000
-3.600000e+001 -4.000000e+000 4.039608e+000 -7.200661e+000
-2.800000e+001 -4.000000e+000 4.111041e+000 -8.926135e+000
-2.000000e+001 -4.000000e+000 4.566326e+000 -8.791892e+000
-1.200000e+001 -4.000000e+000 5.436731e+000 -7.128526e+000
-4.000000e+000 -4.000000e+000 6.371074e+000 -2.996169e+000
4.000000e+000 -4.000000e+000 6.404838e+000 3.026607e+000
1.200000e+001 -4.000000e+000 5.539796e+000 7.093817e+000
2.000000e+001 -4.000000e+000 4.755908e+000 8.692258e+000
2.800000e+001 -4.000000e+000 4.433512e+000 8.797971e+000
3.600000e+001 -4.000000e+000 4.582918e+000 7.123229e+000
4.400000e+001 -4.000000e+000 4.967662e+000 2.334398e+000
5.200000e+001 -4.000000e+000 4.946323e+000 -4.273178e+000
6.000000e+001 -4.000000e+000 4.572144e+000 -7.932998e+000
6.800000e+001 -4.000000e+000 4.420825e+000 -8.863056e+000
7.600000e+001 -4.000000e+000 4.710090e+000 -8.796898e+000
8.400000e+001 -4.000000e+000 5.570730e+000 -8.115754e+000
9.200000e+001 -4.000000e+000 6.988322e+000 -5.667003e+000
1.000000e+002 -4.000000e+000 7.793436e+000 4.591887e-001
1.080000e+002 -4.000000e+000 6.457828e+000 6.364094e+000
1.160000e+002 -4.000000e+000 4.605351e+000 8.722653e+000
1.240000e+002 -4.000000e+000 3.198456e+000 9.471026e+000
1.320000e+002 -4.000000e+000 2.199437e+000 9.752965e+000
1.400000e+002 -4.000000e+000 1.485583e+000 9.885833e+000
1.480000e+002 -4.000000e+000 9.854267e-001 9.949785e+000
1.560000e+002 -4.000000e+000 6.485604e-001 9.978465e+000
1.640000e+002 -4.000000e+000 4.296600e-001 9.990647e+000
1.720000e+002 -4.000000e+000 2.900177e-001 9.995767e+000
1.800000e+002 -4.000000e+000 2.013486e-001 9.997965e+000
1.880000e+002 -4.000000e+000 1.492500e-001 9.998882e+000
-1.880000e+002 4.000000e+000 -1.492500e-001 -9.998882e+000
-1.800000e+002 4.000000e+000 -2.013486e-001 -9.997965e+000
-1.720000e+002 4.000000e+000 -2.900177e-001 -9.995767e+000
-1.640000e+002 4.000000e+000 -4.296600e-001 -9.990647e+000
-1.560000e+002 4.000000e+000 -6.485604e-001 -9.978465e+000
-1.480000e+002 4.000000e+000 -9.854267e-001 -9.949785e+000
-1.400000e+002 4.000000e+000 -1.485583e+000 -9.885833e+000
-1.320000e+002 4.000000e+000 -2.199437e+000 -9.752965e+000
-1.240000e+002 4.000000e+000 -3.198456e+000 -9.471026e+000
-1.160000e+002 4.000000e+000 -4.605351e+000 -8.722653e+000
-1.080000e+002 4.000000e+000 -6.457828e+000 -6.364094e+000
-1.000000e+002 4.000000e+000 -7.793436e+000 -4.591887e-001
-9.200000e+001 4.000000e+000 -6.988322e+000 5.667003e+000
-8.400000e+001 4.000000e+000 -5.570730e+000 8.115754e+000
-7.600000e+001 4.000000e+000 -4.710090e+000 8.796898e+000
-6.800000e+001 4.000000e+000 -4.420825e+000 8.863056e+000
-6.000000e+001 4.000000e+000 -4.572144e+000 7.932998e+000
-5.200000e+001 4.000000e+000 -4.946323e+000 4.273178e+000
-4.400000e+001 4.000000e+000 -4.967662e+000 -2.334398e+000
-3.600000e+001 4.000000e+000 -4.582918e+000 -7.123229e+000
-2.800000e+001 4.000000e+000 -4.433512e+000 -8.797971e+000
-2.000000e+001 4.000000e+000 -4.755908e+000 -8.692258e+000
-1.200000e+001 4.000000e+000 -5.539796e+000 -7.093817e+000
-4.000000e+000 4.000000e+000 -6.404838e+000 -3.026607e+000
4.000000e+000 4.000000e+000 -6.371074e+000 2.996169e+000
1.200000e+001 4.000000e+000 -5.436731e+000 7.128526e+000
2.000000e+001 4.000000e+000 -4.566326e+000 8.791892e+000
2.800000e+001 4.000000e+000 -4.111041e+000 8.926135e+000
3.600000e+001 4.000000e+000 -4.039608e+000 7.200661e+000
4.400000e+001 4.000000e+000 -4.141157e+000 2.296134e+000
5.200000e+001 4.000000e+000 -4.001791e+000 -4.409653e+000
6.000000e+001 4.000000e+000 -3.694698e+000 -8.194142e+000
6.800000e+001 4.000000e+000 -3.588408e+000 -9.194202e+000
7.600000e+001 4.000000e+000 -3.848630e+000 -9.186640e+000
8.400000e+001 4.000000e+000 -4.605784e+000 -8.589940e+000
9.200000e+001 4.000000e+000 -5.840848e+000 -6.097389e+000
1.000000e+002 4.000000e+000 -6.496919e+000 4.865656e-001
1.080000e+002 4.000000e+000 -5.313020e+000 6.771404e+000
1.160000e+002 4.000000e+000 -3.699705e+000 9.071094e+000
1.240000e+002 4.000000e+000 -2.522615e+000 9.668583e+000
1.320000e+002 4.000000e+000 -1.719485e+000 9.849822e+000
1.400000e+002 4.000000e+000 -1.155992e+000 9.930289e+000
1.480000e+002 4.000000e+000 -7.613693e-001 9.969608e+000
1.560000e+002 4.000000e+000 -4.940789e-001 9.987352e+000
1.640000e+002 4.000000e+000 -3.197996e-001 9.994775e+000
1.720000e+002 4.000000e+000 -2.090802e-001 9.997787e+000
1.800000e+002 4.000000e+000 -1.398546e-001 9.999013e+000
1.880000e+002 4.000000e+000 -1.003060e-001 9.999491e+000
-1.880000e+002 1.200000e+001 -4.076153e-001 -9.991686e+000
-1.800000e+002 1.200000e+001 -5.614153e-001 -9.984222e+000
-1.720000e+002 1.200000e+001 -8.291332e-001 -9.965542e+000
-1.640000e+002 1.200000e+001 -1.252072e+000 -9.921183e+000
-1.560000e+002 1.200000e+001 -1.897664e+000 -9.817762e+000
-1.480000e+002 1.200000e+001 -2.823731e+000 -9.591242e+000
-1.400000e+002 1.200000e+001 -4.025369e+000 -9.149714e+000
-1.320000e+002 1.200000e+001 -5.398002e+000 -8.412164e+000
-1.240000e+002 1.200000e+001 -6.791482e+000 -7.338710e+000
-1.160000e+002 1.200000e+001 -8.116424e+000 -5.829757e+000
-1.080000e+002 1.200000e+001 -9.282506e+000 -3.534990e+000
-1.000000e+002 1.200000e+001 -9.864706e+000 -1.099081e-001
-9.200000e+001 1.200000e+001 -9.400361e+000 3.241591e+000
-8.400000e+001 1.200000e+001 -8.531231e+000 5.212836e+000
-7.600000e+001 1.200000e+001 -7.869981e+000 6.166832e+000
-6.800000e+001 1.200000e+001 -7.625992e+000 6.466137e+000
-6.000000e+001 1.200000e+001 -7.959993e+000 5.870920e+000
-5.200000e+001 1.200000e+001 -8.840427e+000 3.237711e+000
-4.400000e+001 1.200000e+001 -9.025275e+000 -1.815767e+000
-3.600000e+001 1.200000e+001 -8.171857e+000 -5.269708e+000
-2.800000e+001 1.200000e+001 -7.767269e+000 -6.261916e+000
-2.000000e+001 1.200000e+001 -8.058615e+000 -5.893013e+000
-1.200000e+001 1.200000e+001 -8.790363e+000 -4.468486e+000
-4.000000e+000 1.200000e+001 -9.506590e+000 -1.786502e+000
4.000000e+000 1.200000e+001 -9.513651e+000 1.711336e+000
1.200000e+001 1.200000e+001 -8.799037e+000 4.435078e+000
2.000000e+001 1.200000e+001 -8.051324e+000 5.903267e+000
2.800000e+001 1.200000e+001 -7.728143e+000 6.294903e+000
3.600000e+001 1.200000e+001 -8.065780e+000 5.268681e+000
4.400000e+001 1.200000e+001 -8.787534e+000 1.698681e+000
5.200000e+001 1.200000e+001 -8.533274e+000 -3.444514e+000
6.000000e+001 1.200000e+001 -7.678637e+000 -6.139440e+000
6.800000e+001 1.200000e+001 -7.355141e+000 -6.763821e+000
7.600000e+001 1.200000e+001 -7.601320e+000 -6.497675e+000
8.400000e+001 1.200000e+001 -8.284244e+000 -5.574416e+000
9.200000e+001 1.200000e+001 -9.210432e+000 -3.527307e+000
1.000000e+002 1.200000e+001 -9.708735e+000 1.414452e-001
1.080000e+002 1.200000e+001 -9.055835e+000 3.870250e+000
1.160000e+002 1.200000e+001 -7.799866e+000 6.219335e+000
1.240000e+002 1.200000e+001 -6.433118e+000 7.656012e+000
1.320000e+002 1.200000e+001 -5.050928e+000 8.627559e+000
1.400000e+002 1.200000e+001 -3.730327e+000 9.275148e+000
1.480000e+002 1.200000e+001 -2.597469e+000 9.655420e+000
1.560000e+002 1.200000e+001 -1.734207e+000 9.848073e+000
1.640000e+002 1.200000e+001 -1.135716e+000 9.935199e+000
1.720000e+002 1.200000e+001 -7.449938e-001 9.972186e+000
1.800000e+002 1.200000e+001 -4.987840e-001 9.987544e+000
1.880000e+002 1.200000e+001 -3.583935e-001 9.993570e+000
-1.880000e+002 2.000000e+001 -7.014123e-001 -9.975367e+000
-1.800000e+002 2.000000e+001 -9.932840e-001 -9.950541e+000
-1.720000e+002 2.000000e+001 -1.510578e+000 -9.885225e+000
-1.640000e+002 2.000000e+001 -2.312644e+000 -9.728787e+000
-1.560000e+002 2.000000e+001 -3.449899e+000 -9.385529e+000
-1.480000e+002 2.000000e+001 -4.857841e+000 -8.738964e+000
-1.400000e+002 2.000000e+001 -6.313705e+000 -7.750220e+000
-1.320000e+002 2.000000e+001 -7.570130e+000 -6.525914e+000
-1.240000e+002 2.000000e+001 -8.537155e+000 -5.198358e+000
-1.160000e+002 2.000000e+001 -9.267331e+000 -3.752459e+000
-1.080000e+002 2.000000e+001 -9.793317e+000 -2.022558e+000
-1.000000e+002 2.000000e+001 -9.999561e+000 7.376703e-002
-9.200000e+001 2.000000e+001 -9.770782e+000 2.125079e+000
-8.400000e+001 2.000000e+001 -9.303825e+000 3.644562e+000
-7.600000e+001 2.000000e+001 -8.866866e+000 4.592156e+000
-6.800000e+001 2.000000e+001 -8.661330e+000 4.979876e+000
-6.000000e+001 2.000000e+001 -8.911084e+000 4.537832e+000
-5.200000e+001 2.000000e+001 -9.661881e+000 2.473098e+000
-4.400000e+001 2.000000e+001 -9.853851e+000 -1.371283e+000
-3.600000e+001 2.000000e+001 -9.144728e+000 -4.007726e+000
-2.800000e+001 2.000000e+001 -8.822874e+000 -4.706386e+000
-2.000000e+001 2.000000e+001 -9.042922e+000 -4.262787e+000
-1.200000e+001 2.000000e+001 -9.515074e+000 -3.038900e+000
-4.000000e+000 2.000000e+001 -9.910806e+000 -1.151591e+000
4.000000e+000 2.000000e+001 -9.919028e+000 1.070805e+000
1.200000e+001 2.000000e+001 -9.534609e+000 2.973089e+000
2.000000e+001 2.000000e+001 -9.066799e+000 4.211461e+000
2.800000e+001 2.000000e+001 -8.848665e+000 4.656287e+000
3.600000e+001 2.000000e+001 -9.167016e+000 3.926420e+000
4.400000e+001 2.000000e+001 -9.836941e+000 1.213617e+000
5.200000e+001 2.000000e+001 -9.583057e+000 -2.663701e+000
6.000000e+001 2.000000e+001 -8.813353e+000 -4.720110e+000
6.800000e+001 2.000000e+001 -8.560162e+000 -5.159339e+000
7.600000e+001 2.000000e+001 -8.772025e+000 -4.780218e+000
8.400000e+001 2.000000e+001 -9.233275e+000 -3.832025e+000
9.200000e+001 2.000000e+001 -9.742051e+000 -2.253928e+000
1.000000e+002 2.000000e+001 -9.993768e+000 -5.029225e-002
1.080000e+002 2.000000e+001 -9.751869e+000 2.201853e+000
1.160000e+002 2.000000e+001 -9.163738e+000 4.003131e+000
1.240000e+002 2.000000e+001 -8.376453e+000 5.458036e+000
1.320000e+002 2.000000e+001 -7.365088e+000 6.759040e+000
1.400000e+002 2.000000e+001 -6.086684e+000 7.931018e+000
1.480000e+002 2.000000e+001 -4.642549e+000 8.855742e+000
1.560000e+002 2.000000e+001 -3.273910e+000 9.448526e+000
1.640000e+002 2.000000e+001 -2.182584e+000 9.758826e+000
1.720000e+002 2.000000e+001 -1.418171e+000 9.898909e+000
1.800000e+002 2.000000e+001 -9.270069e-001 9.956933e+000
1.880000e+002 2.000000e+001 -6.508105e-001 9.978795e+000
-1.880000e+002 2.800000e+001 -1.085974e+000 -9.940842e+000
-1.800000e+002 2.800000e+001 -1.597750e+000 -9.871518e+000
-1.720000e+002 2.800000e+001 -2.496600e+000 -9.683303e+000
-1.640000e+002 2.800000e+001 -3.789956e+000 -9.253866e+000
-1.560000e+002 2.800000e+001 -5.349512e+000 -8.448377e+000
-1.480000e+002 2.800000e+001 -6.855222e+000 -7.279096e+000
-1.400000e+002 2.800000e+001 -8.021462e+000 -5.967788e+000
-1.320000e+002 2.800000e+001 -8.804590e+000 -4.734397e+000
-1.240000e+002 2.800000e+001 -9.319159e+000 -3.615623e+000
-1.160000e+002 2.800000e+001 -9.677581e+000 -2.502241e+000
-1.080000e+002 2.800000e+001 -9.916502e+000 -1.258612e+000
-1.000000e+002 2.800000e+001 -9.994385e+000 1.507485e-001
-9.200000e+001 2.800000e+001 -9.870032e+000 1.562259e+000
-8.400000e+001 2.800000e+001 -9.601372e+000 2.753929e+000
-7.600000e+001 2.800000e+001 -9.309286e+000 3.609642e+000
-6.800000e+001 2.800000e+001 -9.143823e+000 4.009333e+000
-6.000000e+001 2.800000e+001 -9.297788e+000 3.651110e+000
-5.200000e+001 2.800000e+001 -9.804079e+000 1.949167e+000
-4.400000e+001 2.800000e+001 -9.945710e+000 -1.031222e+000
-3.600000e+001 2.800000e+001 -9.492882e+000 -3.141104e+000
-2.800000e+001 2.800000e+001 -9.288752e+000 -3.701103e+000
-2.000000e+001 2.800000e+001 -9.447939e+000 -3.274403e+000
-1.200000e+001 2.800000e+001 -9.744049e+000 -2.245758e+000
-4.000000e+000 2.800000e+001 -9.965349e+000 -8.253943e-001
4.000000e+000 2.800000e+001 -9.971000e+000 7.528999e-001
1.200000e+001 2.800000e+001 -9.759324e+000 2.177432e+000
2.000000e+001 2.800000e+001 -9.470604e+000 3.207572e+000
2.800000e+001 2.800000e+001 -9.319137e+000 3.624283e+000
3.600000e+001 2.800000e+001 -9.529588e+000 3.030206e+000
4.400000e+001 2.800000e+001 -9.962742e+000 8.624089e-001
5.200000e+001 2.800000e+001 -9.770264e+000 -2.125852e+000
6.000000e+001 2.800000e+001 -9.243771e+000 -3.794678e+000
6.800000e+001 2.800000e+001 -9.090679e+000 -4.133223e+000
7.600000e+001 2.800000e+001 -9.264992e+000 -3.725983e+000
8.400000e+001 2.800000e+001 -9.573594e+000 -2.856753e+000
9.200000e+001 2.800000e+001 -9.862990e+000 -1.622970e+000
1.000000e+002 2.800000e+001 -9.997131e+000 -1.327832e-001
1.080000e+002 2.800000e+001 -9.905401e+000 1.358593e+000
1.160000e+002 2.800000e+001 -9.638400e+000 2.655139e+000
1.240000e+002 2.800000e+001 -9.248573e+000 3.795301e+000
1.320000e+002 2.800000e+001 -8.700301e+000 4.924790e+000
1.400000e+002 2.800000e+001 -7.881037e+000 6.152785e+000
1.480000e+002 2.800000e+001 -6.686043e+000 7.435180e+000
1.560000e+002 2.800000e+001 -5.177307e+000 8.555152e+000
1.640000e+002 2.800000e+001 -3.644451e+000 9.312186e+000
1.720000e+002 2.800000e+001 -2.389372e+000 9.710337e+000
1.800000e+002 2.800000e+001 -1.522935e+000 9.883349e+000
1.880000e+002 2.800000e+001 -1.031201e+000 9.946686e+000
-1.880000e+002 3.600000e+001 -1.669298e+000 -9.859569e+000
-1.800000e+002 3.600000e+001 -2.548662e+000 -9.669672e+000
-1.720000e+002 3.600000e+001 -3.976569e+000 -9.175260e+000
-1.640000e+002 3.600000e+001 -5.691987e+000 -8.221872e+000
-1.560000e+002 3.600000e+001 -7.256965e+000 -6.879832e+000
-1.480000e+002 3.600000e+001 -8.361389e+000 -5.484336e+000
-1.400000e+002 3.600000e+001 -9.025395e+000 -4.304075e+000
-1.320000e+002 3.600000e+001 -9.414989e+000 -3.366001e+000
-1.240000e+002 3.600000e+001 -9.665369e+000 -2.557314e+000
-1.160000e+002 3.600000e+001 -9.843725e+000 -1.745653e+000
-1.080000e+002 3.600000e+001 -9.961247e+000 -8.407846e-001
-1.000000e+002 3.600000e+001 -9.994408e+000 1.692146e-001
-9.200000e+001 3.600000e+001 -9.921707e+000 1.204266e+000
-8.400000e+001 3.600000e+001 -9.759901e+000 2.144358e+000
-7.600000e+001 3.600000e+001 -9.567651e+000 2.875998e+000
-6.800000e+001 3.600000e+001 -9.448169e+000 3.240767e+000
-6.000000e+001 3.600000e+001 -9.544878e+000 2.939553e+000
-5.200000e+001 3.600000e+001 -9.868015e+000 1.544191e+000
-4.400000e+001 3.600000e+001 -9.962709e+000 -7.599481e-001
-3.600000e+001 3.600000e+001 -9.690819e+000 -2.449433e+000
-2.800000e+001 3.600000e+001 -9.561700e+000 -2.922321e+000
-2.000000e+001 3.600000e+001 -9.666813e+000 -2.558474e+000
-1.200000e+001 3.600000e+001 -9.851247e+000 -1.718380e+000
-4.000000e+000 3.600000e+001 -9.980599e+000 -6.221578e-001
4.000000e+000 3.600000e+001 -9.984269e+000 5.604353e-001
1.200000e+001 3.600000e+001 -9.861771e+000 1.656716e+000
2.000000e+001 3.600000e+001 -9.683761e+000 2.492714e+000
2.800000e+001 3.600000e+001 -9.585863e+000 2.841095e+000
3.600000e+001 3.600000e+001 -9.719968e+000 2.332434e+000
4.400000e+001 3.600000e+001 -9.975584e+000 5.953538e-001
5.200000e+001 3.600000e+001 -9.843245e+000 -1.708314e+000
6.000000e+001 3.600000e+001 -9.506766e+000 -3.064862e+000
6.800000e+001 3.600000e+001 -9.414772e+000 -3.337570e+000
7.600000e+001 3.600000e+001 -9.543321e+000 -2.956096e+000
8.400000e+001 3.600000e+001 -9.746390e+000 -2.206705e+000
9.200000e+001 3.600000e+001 -9.918539e+000 -1.235920e+000
1.000000e+002 3.600000e+001 -9.995450e+000 -1.552021e-001
1.080000e+002 3.600000e+001 -9.956536e+000 9.021654e-001
1.160000e+002 3.600000e+001 -9.826435e+000 1.842735e+000
1.240000e+002 3.600000e+001 -9.632924e+000 2.677757e+000
1.320000e+002 3.600000e+001 -9.365078e+000 3.502827e+000
1.400000e+002 3.600000e+001 -8.952794e+000 4.453350e+000
1.480000e+002 3.600000e+001 -8.258928e+000 5.637625e+000
1.560000e+002 3.600000e+001 -7.124461e+000 7.017080e+000
1.640000e+002 3.600000e+001 -5.548854e+000 8.319229e+000
1.720000e+002 3.600000e+001 -3.852904e+000 9.227949e+000
1.800000e+002 3.600000e+001 -2.458356e+000 9.693115e+000
1.880000e+002 3.600000e+001 -1.604836e+000 9.870385e+000
-1.880000e+002 4.400000e+001 -2.629316e+000 -9.647328e+000
-1.800000e+002 4.400000e+001 -4.053550e+000 -9.141024e+000
-1.720000e+002 4.400000e+001 -5.940869e+000 -8.043693e+000
-1.640000e+002 4.400000e+001 -7.588821e+000 -6.512087e+000
-1.560000e+002 4.400000e+001 -8.648842e+000 -5.019498e+000
-1.480000e+002 4.400000e+001 -9.221883e+000 -3.866987e+000
-1.400000e+002 4.400000e+001 -9.524677e+000 -3.045419e+000
-1.320000e+002 4.400000e+001 -9.702365e+000 -2.419443e+000
-1.240000e+002 4.400000e+001 -9.825373e+000 -1.856160e+000
-1.160000e+002 4.400000e+001 -9.918774e+000 -1.262336e+000
-1.080000e+002 4.400000e+001 -9.980882e+000 -5.908499e-001
-1.000000e+002 4.400000e+001 -9.996658e+000 1.567784e-001
-9.200000e+001 4.400000e+001 -9.953560e+000 9.343097e-001
-8.400000e+001 4.400000e+001 -9.856197e+000 1.669264e+000
-7.600000e+001 4.400000e+001 -9.734890e+000 2.267524e+000
-6.800000e+001 4.400000e+001 -9.656872e+000 2.573928e+000
-6.000000e+001 4.400000e+001 -9.718943e+000 2.321219e+000
-5.200000e+001 4.400000e+001 -9.918087e+000 1.208485e+000
-4.400000e+001 4.400000e+001 -9.978478e+000 -5.426962e-001
-3.600000e+001 4.400000e+001 -9.820591e+000 -1.866963e+000
-2.800000e+001 4.400000e+001 -9.738633e+000 -2.266012e+000
-2.000000e+001 4.400000e+001 -9.801733e+000 -1.980369e+000
-1.200000e+001 4.400000e+001 -9.912909e+000 -1.316900e+000
-4.000000e+000 4.400000e+001 -9.988723e+000 -4.739922e-001
4.000000e+000 4.400000e+001 -9.991069e+000 4.219919e-001
1.200000e+001 4.400000e+001 -9.919867e+000 1.263305e+000
2.000000e+001 4.400000e+001 -9.813531e+000 1.920197e+000
2.800000e+001 4.400000e+001 -9.756091e+000 2.188056e+000
3.600000e+001 4.400000e+001 -9.841084e+000 1.754349e+000
4.400000e+001 4.400000e+001 -9.985889e+000 3.915956e-001
5.200000e+001 4.400000e+001 -9.899674e+000 -1.356132e+000
6.000000e+001 4.400000e+001 -9.692264e+000 -2.431641e+000
6.800000e+001 4.400000e+001 -9.635454e+000 -2.652910e+000
7.600000e+001 4.400000e+001 -9.720941e+000 -2.326133e+000
8.400000e+001 4.400000e+001 -9.849175e+000 -1.710112e+000
9.200000e+001 4.400000e+001 -9.951943e+000 -9.524416e-001
1.000000e+002 4.400000e+001 -9.996974e+000 -1.458880e-001
1.080000e+002 4.400000e+001 -9.978513e+000 6.314917e-001
1.160000e+002 4.400000e+001 -9.910354e+000 1.327228e+000
1.240000e+002 4.400000e+001 -9.809478e+000 1.938415e+000
1.320000e+002 4.400000e+001 -9.678098e+000 2.514677e+000
1.400000e+002 4.400000e+001 -9.489699e+000 3.152678e+000
1.480000e+002 4.400000e+001 -9.170738e+000 3.986787e+000
1.560000e+002 4.400000e+001 -8.572894e+000 5.148231e+000
1.640000e+002 4.400000e+001 -7.482807e+000 6.633803e+000
1.720000e+002 4.400000e+001 -5.818288e+000 8.133112e+000
1.800000e+002 4.400000e+001 -3.944217e+000 9.189290e+000
1.880000e+002 4.400000e+001 -2.546144e+000 9.670415e+000
-1.880000e+002 5.200000e+001 -4.138226e+000 -9.099346e+000
-1.800000e+002 5.200000e+001 -6.074486e+000 -7.940882e+000
-1.720000e+002 5.200000e+001 -7.849805e+000 -6.194053e+000
-1.640000e+002 5.200000e+001 -8.889693e+000 -4.579268e+000
-1.560000e+002 5.200000e+001 -9.391791e+000 -3.434076e+000
-1.480000e+002 5.200000e+001 -9.630722e+000 -2.692184e+000
-1.400000e+002 5.200000e+001 -9.758170e+000 -2.185370e+000
-1.320000e+002 5.200000e+001 -9.840717e+000 -1.776541e+000
-1.240000e+002 5.200000e+001 -9.904469e+000 -1.376372e+000
-1.160000e+002 5.200000e+001 -9.955744e+000 -9.339951e-001
-1.080000e+002 5.200000e+001 -9.990020e+000 -4.295507e-001
-1.000000e+002 5.200000e+001 -9.998186e+000 1.297634e-001
-9.200000e+001 5.200000e+001 -9.973217e+000 7.144023e-001
-8.400000e+001 5.200000e+001 -9.916468e+000 1.277547e+000
-7.600000e+001 5.200000e+001 -9.844222e+000 1.746125e+000
-6.800000e+001 5.200000e+001 -9.797529e+000 1.987252e+000
-6.000000e+001 5.200000e+001 -9.835846e+000 1.781842e+000
-5.200000e+001 5.200000e+001 -9.952246e+000 9.263385e-001
-4.400000e+001 5.200000e+001 -9.989161e+000 -3.723424e-001
-3.600000e+001 5.200000e+001 -9.902381e+000 -1.378808e+000
-2.800000e+001 5.200000e+001 -9.852830e+000 -1.704984e+000
-2.000000e+001 5.200000e+001 -9.887458e+000 -1.495051e+000
-1.200000e+001 5.200000e+001 -9.950764e+000 -9.910482e-001
-4.000000e+000 5.200000e+001 -9.993628e+000 -3.568414e-001
4.000000e+000 5.200000e+001 -9.995108e+000 3.127384e-001
1.200000e+001 5.200000e+001 -9.955247e+000 9.447138e-001
2.000000e+001 5.200000e+001 -9.895306e+000 1.441354e+000
2.800000e+001 5.200000e+001 -9.864652e+000 1.633629e+000
3.600000e+001 5.200000e+001 -9.915812e+000 1.276630e+000
4.400000e+001 5.200000e+001 -9.993228e+000 2.404456e-001
5.200000e+001 5.200000e+001 -9.939839e+000 -1.053650e+000
6.000000e+001 5.200000e+001 -9.818387e+000 -1.876600e+000
6.800000e+001 5.200000e+001 -9.784212e+000 -2.051908e+000
7.600000e+001 5.200000e+001 -9.836221e+000 -1.790435e+000
8.400000e+001 5.200000e+001 -9.912751e+000 -1.305924e+000
9.200000e+001 5.200000e+001 -9.972412e+000 -7.257602e-001
1.000000e+002 5.200000e+001 -9.998322e+000 -1.215124e-001
1.080000e+002 5.200000e+001 -9.988793e+000 4.576645e-001
1.160000e+002 5.200000e+001 -9.951410e+000 9.790609e-001
1.240000e+002 5.200000e+001 -9.896238e+000 1.434177e+000
1.320000e+002 5.200000e+001 -9.828315e+000 1.843725e+000
1.400000e+002 5.200000e+001 -9.740963e+000 2.260700e+000
1.480000e+002 5.200000e+001 -9.606640e+000 2.776862e+000
1.560000e+002 5.200000e+001 -9.355876e+000 3.530858e+000
1.640000e+002 5.200000e+001 -8.832683e+000 4.688670e+000
1.720000e+002 5.200000e+001 -7.761532e+000 6.305437e+000
1.800000e+002 5.200000e+001 -5.960912e+000 8.029111e+000
1.880000e+002 5.200000e+001 -4.026981e+000 9.153224e+000
-1.880000e+002 6.000000e+001 -5.920861e+000 -8.044591e+000
-1.800000e+002 6.000000e+001 -7.843431e+000 -6.195377e+000
-1.720000e+002 6.000000e+001 -8.984062e+000 -4.388803e+000
-1.640000e+002 6.000000e+001 -9.483204e+000 -3.172346e+000
-1.560000e+002 6.000000e+001 -9.697604e+000 -2.440319e+000
-1.480000e+002 6.000000e+001 -9.800957e+000 -1.985029e+000
-1.400000e+002 6.000000e+001 -9.861653e+000 -1.657232e+000
-1.320000e+002 6.000000e+001 -9.906015e+000 -1.366869e+000
-1.240000e+002 6.000000e+001 -9.943164e+000 -1.062625e+000
-1.160000e+002 6.000000e+001 -9.973819e+000 -7.185650e-001
-1.080000e+002 6.000000e+001 -9.994174e+000 -3.276650e-001
-1.000000e+002 6.000000e+001 -9.998890e+000 1.017218e-001
-9.200000e+001 6.000000e+001 -9.984171e+000 5.488854e-001
-8.400000e+001 6.000000e+001 -9.950777e+000 9.810641e-001
-7.600000e+001 6.000000e+001 -9.908143e+000 1.342296e+000
-6.800000e+001 6.000000e+001 -9.880851e+000 1.526372e+000
-6.000000e+001 6.000000e+001 -9.903960e+000 1.362633e+000
-5.200000e+001 6.000000e+001 -9.971367e+000 7.121598e-001
-4.400000e+001 6.000000e+001 -9.994099e+000 -2.525464e-001
-3.600000e+001 6.000000e+001 -9.947052e+000 -1.012985e+000
-2.800000e+001 6.000000e+001 -9.917907e+000 -1.274287e+000
-2.000000e+001 6.000000e+001 -9.936465e+000 -1.124204e+000
-1.200000e+001 6.000000e+001 -9.972080e+000 -7.464832e-001
-4.000000e+000 6.000000e+001 -9.996347e+000 -2.702253e-001
4.000000e+000 6.000000e+001 -9.997308e+000 2.318358e-001
1.200000e+001 6.000000e+001 -9.975022e+000 7.056813e-001
2.000000e+001 6.000000e+001 -9.941674e+000 1.076211e+000
2.800000e+001 6.000000e+001 -9.925719e+000 1.210296e+000
3.600000e+001 6.000000e+001 -9.955598e+000 9.231272e-001
4.400000e+001 6.000000e+001 -9.996320e+000 1.401518e-001
5.200000e+001 6.000000e+001 -9.963313e+000 -8.197442e-001
6.000000e+001 6.000000e+001 -9.892767e+000 -1.442927e+000
6.800000e+001 6.000000e+001 -9.872491e+000 -1.580012e+000
7.600000e+001 6.000000e+001 -9.903341e+000 -1.377404e+000
8.400000e+001 6.000000e+001 -9.948664e+000 -1.002363e+000
9.200000e+001 6.000000e+001 -9.983746e+000 -5.569109e-001
1.000000e+002 6.000000e+001 -9.998974e+000 -9.550970e-002
1.080000e+002 6.000000e+001 -9.993496e+000 3.481233e-001
1.160000e+002 6.000000e+001 -9.971384e+000 7.515529e-001
1.240000e+002 6.000000e+001 -9.938476e+000 1.105420e+000
1.320000e+002 6.000000e+001 -9.898952e+000 1.416894e+000
1.400000e+002 6.000000e+001 -9.852093e+000 1.712979e+000
1.480000e+002 6.000000e+001 -9.788259e+000 2.046679e+000
1.560000e+002 6.000000e+001 -9.679792e+000 2.510211e+000
1.640000e+002 6.000000e+001 -9.455345e+000 3.255211e+000
1.720000e+002 6.000000e+001 -8.935233e+000 4.490141e+000
1.800000e+002 6.000000e+001 -7.755378e+000 6.312821e+000
1.880000e+002 6.000000e+001 -5.786341e+000 8.155470e+000
#-----------------------------------------
