x:1.200000e-006  y:4.000000e-007
k l qxx qyy qzz qxy qxz qyz:
-3 -1 1.175746e+002 -7.082245e+001 -4.675213e+001 7.037295e+001 0.000000e+000 -3.211165e-011
-2 -1 1.994791e+002 -1.167952e+002 -8.268397e+001 2.076513e+002 0.000000e+000 -8.606005e-012
-1 -1 8.210636e+001 8.210636e+001 -1.642127e+002 7.649496e+002 0.000000e+000 4.412565e-011
0 -1 -1.257127e+003 1.523918e+003 -2.667913e+002 -1.544737e-011 0.000000e+000 -3.153405e-011
1 -1 8.210636e+001 8.210636e+001 -1.642127e+002 -7.649496e+002 0.000000e+000 3.605388e-011
2 -1 1.994791e+002 -1.167952e+002 -8.268397e+001 -2.076513e+002 0.000000e+000 -2.497691e-011
3 -1 1.175746e+002 -7.082245e+001 -4.675213e+001 -7.037295e+001 0.000000e+000 1.154410e-011
-3 0 1.583647e+002 -1.071583e+002 -5.120638e+001 3.354117e-011 0.000000e+000 2.567901e-011
-2 0 3.795463e+002 -2.817348e+002 -9.781157e+001 -2.254308e-011 0.000000e+000 -1.468337e-011
-1 0 1.523918e+003 -1.257127e+003 -2.667913e+002 -5.194084e-011 0.000000e+000 -2.309264e-012
0 0 -4.628844e+003 -4.628844e+003 -7.954079e+002 2.556533e-011 0.000000e+000 3.737455e-012
1 0 1.523918e+003 -1.257127e+003 -2.667913e+002 -1.297434e-011 0.000000e+000 -2.309264e-012
2 0 3.795463e+002 -2.817348e+002 -9.781157e+001 3.891398e-011 0.000000e+000 1.078249e-011
3 0 1.583647e+002 -1.071583e+002 -5.120638e+001 -7.719692e-011 0.000000e+000 -2.515321e-012
-3 1 1.175746e+002 -7.082245e+001 -4.675213e+001 -7.037295e+001 0.000000e+000 -4.268141e-012
-2 1 1.994791e+002 -1.167952e+002 -8.268397e+001 -2.076513e+002 0.000000e+000 4.407630e-011
-1 1 8.210636e+001 8.210636e+001 -1.642127e+002 -7.649496e+002 0.000000e+000 -7.050099e-011
0 1 -1.257127e+003 1.523918e+003 -2.667913e+002 -3.286954e-011 0.000000e+000 3.943529e-011
1 1 8.210636e+001 8.210636e+001 -1.642127e+002 7.649496e+002 0.000000e+000 -2.616313e-011
2 1 1.994791e+002 -1.167952e+002 -8.268397e+001 2.076513e+002 0.000000e+000 1.178924e-011
3 1 1.175746e+002 -7.082245e+001 -4.675213e+001 7.037295e+001 0.000000e+000 -4.155742e-011
-----------------------------------------
