-3 -1 -2.107256e-003 2.221208e-003 -1.127926e-004 2.479418e-004 0.000000e+000 -5.749586e-006
-2 -1 -2.236014e-003 2.327563e-003 -9.798608e-005 2.496493e-004 0.000000e+000 -1.157702e-005
-1 -1 -2.308936e-003 2.436541e-003 -1.252202e-004 2.558792e-004 0.000000e+000 9.219524e-006
0 -1 -2.567524e-003 2.644051e-003 -8.749415e-005 -4.224479e-006 0.000000e+000 -6.491318e-007
1 -1 -2.310844e-003 2.447031e-003 -1.252202e-004 -2.495768e-004 0.000000e+000 3.904466e-006
2 -1 -2.230292e-003 2.323748e-003 -9.655557e-005 -2.519063e-004 0.000000e+000 -2.179509e-006
3 -1 -2.106303e-003 2.231698e-003 -9.848748e-005 -2.512760e-004 0.000000e+000 -5.547489e-006
-3 0 9.107958e-003 -4.555222e-003 -4.557233e-003 5.854185e-008 0.000000e+000 5.667910e-008
-2 0 9.402821e-003 -4.699656e-003 -4.699828e-003 6.254306e-008 0.000000e+000 -1.904173e-007
-1 0 9.876839e-003 -4.937857e-003 -4.936598e-003 -4.483753e-008 0.000000e+000 7.699958e-007
0 0 -1.005309e+004 -5.403286e-003 -5.404938e-003 5.215406e-008 0.000000e+000 -6.491318e-007
1 0 9.875885e-003 -4.937380e-003 -4.937075e-003 1.790316e-007 0.000000e+000 2.233094e-007
2 0 9.402821e-003 -4.700609e-003 -4.701258e-003 -3.330950e-007 0.000000e+000 6.240243e-007
3 0 9.108912e-003 -4.556652e-003 -4.557233e-003 5.176611e-007 0.000000e+000 2.587761e-007
-3 1 -2.122770e-003 2.220254e-003 -9.441737e-005 -2.443030e-004 0.000000e+000 1.071121e-005
-2 1 -2.250979e-003 2.328517e-003 -8.540519e-005 -2.541874e-004 0.000000e+000 4.062643e-006
-1 1 -2.270809e-003 2.433680e-003 -1.619165e-004 -2.497346e-004 0.000000e+000 -9.190653e-006
0 1 -2.599472e-003 2.649773e-003 -5.888392e-005 6.861985e-006 0.000000e+000 -3.045425e-007
1 1 -2.270809e-003 2.445124e-003 -1.678769e-004 2.392687e-004 0.000000e+000 -2.921921e-006
2 1 -2.249072e-003 2.322795e-003 -7.658370e-005 2.591786e-004 0.000000e+000 7.062898e-006
3 1 -2.126585e-003 2.231698e-003 -8.583430e-005 2.431651e-004 0.000000e+000 7.648087e-006
