#x:1.500000e+000  y:5.000000e-008
k l qxx qyy qzz qxy qxz qyz:
-3 -1 -5.022436e-005 1.899153e-005 1.899898e-007 2.901256e-005 9.748340e-005 2.734355e-005
-2 -1 3.542751e-005 -5.478691e-005 -6.061792e-005 2.996158e-005 -4.761480e-005 -9.070309e-006
-1 -1 2.441309e-003 -2.306075e-003 -1.113919e-004 2.546140e-004 1.112687e-005 3.310679e-006
0 -1 -4.938095e-003 9.873263e-003 -4.937551e-003 -1.703459e-008 -1.836785e-007 1.103820e-007
1 -1 2.438448e-003 -2.274624e-003 -1.545255e-004 -2.541372e-004 -8.236979e-006 4.621981e-006
2 -1 4.687160e-005 -1.396900e-004 6.815419e-005 -2.042484e-005 2.949499e-005 -1.288501e-005
3 -1 -6.548315e-005 2.146028e-004 -2.106838e-004 -3.664196e-005 -8.222461e-005 2.734355e-005
-3 0 -1.068115e-004 2.288818e-005 3.814697e-005 -1.611598e-004 -9.249523e-005 -2.607703e-008
-2 0 3.805943e-005 -5.678274e-006 2.293196e-005 -3.528316e-006 1.935987e-005 8.754432e-008
-1 0 2.647866e-003 -2.569432e-003 -9.107043e-005 -4.954636e-006 -4.463829e-006 -1.713634e-007
0 0 -5.403047e-003 -1.005309e+004 -5.404461e-003 5.217360e-008 -8.115436e-007 -2.333179e-008
1 0 2.645005e-003 -2.596611e-003 -7.008959e-005 5.073845e-006 -1.258217e-006 -5.215406e-008
2 0 3.805943e-005 7.824507e-005 -8.006487e-005 -6.008428e-006 -3.461866e-005 -3.727153e-006
3 0 -6.103516e-005 -1.525879e-004 2.593994e-004 1.459010e-004 1.382716e-004 -7.655472e-006
-3 1 4.766881e-005 4.950911e-005 -2.140179e-005 1.216903e-004 7.459521e-005 -2.739943e-005
-2 1 6.757304e-005 -5.287956e-005 -1.837779e-005 -1.209183e-005 -2.949499e-005 7.206732e-006
-1 1 2.447031e-003 -2.308936e-003 -1.230744e-004 -2.455786e-004 2.950792e-006 -3.485127e-006
0 1 -4.938095e-003 9.873740e-003 -4.937551e-003 -7.309567e-009 1.657812e-007 6.125834e-008
1 1 2.447985e-003 -2.272717e-003 -1.609628e-004 2.449825e-004 -1.968246e-006 -5.869313e-006
2 1 5.231425e-005 -1.415974e-004 1.123017e-004 1.590652e-005 3.807805e-005 1.865082e-005
3 1 3.241003e-005 2.374910e-004 -2.704225e-004 -1.064315e-004 -8.222461e-005 -1.977004e-005
-----------------------------------------
