-3 -1 5.922839e-005 -5.033240e-005 -1.881849e-004 -2.020062e-004 1.029037e-004 3.812090e-005
-2 -1 -2.365734e-005 -2.060272e-005 5.570427e-005 9.047426e-005 -1.081277e-005 -4.568882e-005
-1 -1 3.977108e-005 4.310894e-005 -7.382012e-005 4.226621e-005 7.696450e-006 9.246171e-006
0 -1 -9.750773e-005 2.644051e-003 -2.558464e-003 6.817851e-006 -7.674293e-007 -3.241983e-006
1 -1 4.453945e-005 4.314166e-005 -6.860774e-005 -8.804258e-005 -8.411705e-006 8.888543e-006
2 -1 -3.128673e-005 1.017302e-004 -6.281398e-005 -5.232729e-005 7.951749e-006 -3.996678e-005
3 -1 2.871081e-005 -2.705380e-004 3.609620e-005 1.780675e-004 -1.029037e-004 7.603317e-006
-3 0 -7.629395e-005 6.866455e-005 7.629395e-006 -7.723644e-005 -1.535304e-004 1.249455e-005
-2 0 4.187413e-005 1.148786e-005 -1.140032e-005 3.652601e-005 3.147405e-006 2.762144e-006
-1 0 2.639760e-003 -9.560038e-005 -2.557511e-003 -2.718892e-006 -2.407496e-006 -7.674078e-007
0 0 -5.393511e-003 -5.393971e-003 -1.005309e+004 -9.739554e-007 -2.333374e-008 -2.333372e-008
1 0 2.638806e-003 -8.415629e-005 -2.570862e-003 8.115436e-007 1.692283e-006 -1.482664e-006
2 0 3.805943e-005 -8.006487e-005 7.061567e-005 -2.126722e-005 1.620967e-006 -1.052553e-006
3 0 -3.051758e-005 2.593994e-004 -1.678467e-004 1.230128e-004 1.459010e-004 1.249455e-005
-3 1 -1.865402e-004 3.073364e-006 6.902590e-005 1.280010e-004 1.105331e-004 -5.337968e-005
-2 1 8.529425e-005 -4.349090e-005 -2.832152e-005 -4.399382e-005 -1.991284e-006 3.233738e-005
-1 1 5.387049e-005 4.120159e-005 -6.765407e-005 -6.229337e-005 8.888543e-006 -1.019984e-005
0 1 -8.677889e-005 2.641667e-003 -2.574200e-003 -2.412229e-006 -1.415450e-006 2.269238e-006
1 1 4.624110e-005 5.124789e-005 -6.720982e-005 8.804258e-005 -6.981194e-006 -1.091510e-005
2 1 1.005530e-004 1.017302e-004 -1.935689e-004 2.110563e-005 9.620679e-006 3.233738e-005
3 1 -1.560226e-004 -2.705380e-004 3.960431e-004 -8.222461e-005 -1.029037e-004 -5.337968e-005
