#x:1.880000e-005  y:6.000000e-006
#x(nm) y(nm) vx vy:
-1.880000e+002 -6.000000e+001 3.025313e+000 -9.479313e+000
-1.800000e+002 -6.000000e+001 3.146584e+000 -9.439752e+000
-1.720000e+002 -6.000000e+001 3.277375e+000 -9.395143e+000
-1.640000e+002 -6.000000e+001 3.418764e+000 -9.344622e+000
-1.560000e+002 -6.000000e+001 3.571975e+000 -9.287136e+000
-1.480000e+002 -6.000000e+001 3.738406e+000 -9.221400e+000
-1.400000e+002 -6.000000e+001 3.919644e+000 -9.145835e+000
-1.320000e+002 -6.000000e+001 4.117493e+000 -9.058485e+000
-1.240000e+002 -6.000000e+001 4.333993e+000 -8.956919e+000
-1.160000e+002 -6.000000e+001 4.571429e+000 -8.838096e+000
-1.080000e+002 -6.000000e+001 4.832328e+000 -8.698190e+000
-1.000000e+002 -6.000000e+001 5.119424e+000 -8.532374e+000
-9.200000e+001 -6.000000e+001 5.435568e+000 -8.334537e+000
-8.400000e+001 -6.000000e+001 5.783536e+000 -8.096951e+000
-7.600000e+001 -6.000000e+001 6.165691e+000 -7.809875e+000
-6.800000e+001 -6.000000e+001 6.583381e+000 -7.461166e+000
-6.000000e+001 -6.000000e+001 7.035975e+000 -7.035975e+000
-5.200000e+001 -6.000000e+001 7.519387e+000 -6.516802e+000
-4.400000e+001 -6.000000e+001 8.024030e+000 -5.884288e+000
-3.600000e+001 -6.000000e+001 8.532374e+000 -5.119424e+000
-2.800000e+001 -6.000000e+001 9.016859e+000 -4.207868e+000
-2.000000e+001 -6.000000e+001 9.439752e+000 -3.146584e+000
-1.200000e+001 -6.000000e+001 9.757142e+000 -1.951428e+000
-4.000000e+000 -6.000000e+001 9.928333e+000 -6.618889e-001
4.000000e+000 -6.000000e+001 9.928333e+000 6.618889e-001
1.200000e+001 -6.000000e+001 9.757142e+000 1.951428e+000
2.000000e+001 -6.000000e+001 9.439752e+000 3.146584e+000
2.800000e+001 -6.000000e+001 9.016859e+000 4.207868e+000
3.600000e+001 -6.000000e+001 8.532374e+000 5.119424e+000
4.400000e+001 -6.000000e+001 8.024030e+000 5.884288e+000
5.200000e+001 -6.000000e+001 7.519387e+000 6.516802e+000
6.000000e+001 -6.000000e+001 7.035975e+000 7.035975e+000
6.800000e+001 -6.000000e+001 6.583381e+000 7.461166e+000
7.600000e+001 -6.000000e+001 6.165691e+000 7.809875e+000
8.400000e+001 -6.000000e+001 5.783536e+000 8.096951e+000
9.200000e+001 -6.000000e+001 5.435568e+000 8.334537e+000
1.000000e+002 -6.000000e+001 5.119424e+000 8.532374e+000
1.080000e+002 -6.000000e+001 4.832328e+000 8.698190e+000
1.160000e+002 -6.000000e+001 4.571429e+000 8.838096e+000
1.240000e+002 -6.000000e+001 4.333993e+000 8.956919e+000
1.320000e+002 -6.000000e+001 4.117493e+000 9.058485e+000
1.400000e+002 -6.000000e+001 3.919644e+000 9.145835e+000
1.480000e+002 -6.000000e+001 3.738406e+000 9.221400e+000
1.560000e+002 -6.000000e+001 3.571975e+000 9.287136e+000
1.640000e+002 -6.000000e+001 3.418764e+000 9.344622e+000
1.720000e+002 -6.000000e+001 3.277375e+000 9.395143e+000
1.800000e+002 -6.000000e+001 3.146584e+000 9.439752e+000
1.880000e+002 -6.000000e+001 3.025313e+000 9.479313e+000
-1.880000e+002 -5.200000e+001 2.652630e+000 -9.590279e+000
-1.800000e+002 -5.200000e+001 2.761623e+000 -9.559463e+000
-1.720000e+002 -5.200000e+001 2.879533e+000 -9.524610e+000
-1.640000e+002 -5.200000e+001 3.007439e+000 -9.484999e+000
-1.560000e+002 -5.200000e+001 3.146584e+000 -9.439752e+000
-1.480000e+002 -5.200000e+001 3.298409e+000 -9.387779e+000
-1.400000e+002 -5.200000e+001 3.464585e+000 -9.327730e+000
-1.320000e+002 -5.200000e+001 3.647055e+000 -9.257910e+000
-1.240000e+002 -5.200000e+001 3.848074e+000 -9.176177e+000
-1.160000e+002 -5.200000e+001 4.070258e+000 -9.079807e+000
-1.080000e+002 -5.200000e+001 4.316627e+000 -8.965302e+000
-1.000000e+002 -5.200000e+001 4.590631e+000 -8.828137e+000
-9.200000e+001 -5.200000e+001 4.896153e+000 -8.662424e+000
-8.400000e+001 -5.200000e+001 5.237424e+000 -8.460454e+000
-7.600000e+001 -5.200000e+001 5.618815e+000 -8.212114e+000
-6.800000e+001 -5.200000e+001 6.044354e+000 -7.904156e+000
-6.000000e+001 -5.200000e+001 6.516802e+000 -7.519387e+000
-5.200000e+001 -5.200000e+001 7.035975e+000 -7.035975e+000
-4.400000e+001 -5.200000e+001 7.595977e+000 -6.427366e+000
-3.600000e+001 -5.200000e+001 8.181118e+000 -5.663851e+000
-2.800000e+001 -5.200000e+001 8.761015e+000 -4.717470e+000
-2.000000e+001 -5.200000e+001 9.287136e+000 -3.571975e+000
-1.200000e+001 -5.200000e+001 9.695555e+000 -2.237436e+000
-4.000000e+000 -5.200000e+001 9.921063e+000 -7.631587e-001
4.000000e+000 -5.200000e+001 9.921063e+000 7.631587e-001
1.200000e+001 -5.200000e+001 9.695555e+000 2.237436e+000
2.000000e+001 -5.200000e+001 9.287136e+000 3.571975e+000
2.800000e+001 -5.200000e+001 8.761015e+000 4.717470e+000
3.600000e+001 -5.200000e+001 8.181118e+000 5.663851e+000
4.400000e+001 -5.200000e+001 7.595977e+000 6.427366e+000
5.200000e+001 -5.200000e+001 7.035975e+000 7.035975e+000
6.000000e+001 -5.200000e+001 6.516802e+000 7.519387e+000
6.800000e+001 -5.200000e+001 6.044354e+000 7.904156e+000
7.600000e+001 -5.200000e+001 5.618815e+000 8.212114e+000
8.400000e+001 -5.200000e+001 5.237424e+000 8.460454e+000
9.200000e+001 -5.200000e+001 4.896153e+000 8.662424e+000
1.000000e+002 -5.200000e+001 4.590631e+000 8.828137e+000
1.080000e+002 -5.200000e+001 4.316627e+000 8.965302e+000
1.160000e+002 -5.200000e+001 4.070258e+000 9.079807e+000
1.240000e+002 -5.200000e+001 3.848074e+000 9.176177e+000
1.320000e+002 -5.200000e+001 3.647055e+000 9.257910e+000
1.400000e+002 -5.200000e+001 3.464585e+000 9.327730e+000
1.480000e+002 -5.200000e+001 3.298409e+000 9.387779e+000
1.560000e+002 -5.200000e+001 3.146584e+000 9.439752e+000
1.640000e+002 -5.200000e+001 3.007439e+000 9.484999e+000
1.720000e+002 -5.200000e+001 2.879533e+000 9.524610e+000
1.800000e+002 -5.200000e+001 2.761623e+000 9.559463e+000
1.880000e+002 -5.200000e+001 2.652630e+000 9.590279e+000
-1.880000e+002 -4.400000e+001 2.267535e+000 -9.688559e+000
-1.800000e+002 -4.400000e+001 2.362747e+000 -9.665781e+000
-1.720000e+002 -4.400000e+001 2.466033e+000 -9.639947e+000
-1.640000e+002 -4.400000e+001 2.578426e+000 -9.610495e+000
-1.560000e+002 -4.400000e+001 2.701130e+000 -9.576732e+000
-1.480000e+002 -4.400000e+001 2.835560e+000 -9.537793e+000
-1.400000e+002 -4.400000e+001 2.983386e+000 -9.492592e+000
-1.320000e+002 -4.400000e+001 3.146584e+000 -9.439752e+000
-1.240000e+002 -4.400000e+001 3.327502e+000 -9.377507e+000
-1.160000e+002 -4.400000e+001 3.528942e+000 -9.303573e+000
-1.080000e+002 -4.400000e+001 3.754244e+000 -9.214963e+000
-1.000000e+002 -4.400000e+001 4.007399e+000 -9.107725e+000
-9.200000e+001 -4.400000e+001 4.293143e+000 -8.976571e+000
-8.400000e+001 -4.400000e+001 4.617042e+000 -8.814353e+000
-7.600000e+001 -4.400000e+001 4.985497e+000 -8.611313e+000
-6.800000e+001 -4.400000e+001 5.405552e+000 -8.354035e+000
-6.000000e+001 -4.400000e+001 5.884288e+000 -8.024030e+000
-5.200000e+001 -4.400000e+001 6.427366e+000 -7.595977e+000
-4.400000e+001 -4.400000e+001 7.035975e+000 -7.035975e+000
-3.600000e+001 -4.400000e+001 7.701163e+000 -6.300952e+000
-2.800000e+001 -4.400000e+001 8.394746e+000 -5.342111e+000
-2.000000e+001 -4.400000e+001 9.058485e+000 -4.117493e+000
-1.200000e+001 -4.400000e+001 9.599759e+000 -2.618116e+000
-4.000000e+000 -4.400000e+001 9.909508e+000 -9.008643e-001
4.000000e+000 -4.400000e+001 9.909508e+000 9.008643e-001
1.200000e+001 -4.400000e+001 9.599759e+000 2.618116e+000
2.000000e+001 -4.400000e+001 9.058485e+000 4.117493e+000
2.800000e+001 -4.400000e+001 8.394746e+000 5.342111e+000
3.600000e+001 -4.400000e+001 7.701163e+000 6.300952e+000
4.400000e+001 -4.400000e+001 7.035975e+000 7.035975e+000
5.200000e+001 -4.400000e+001 6.427366e+000 7.595977e+000
6.000000e+001 -4.400000e+001 5.884288e+000 8.024030e+000
6.800000e+001 -4.400000e+001 5.405552e+000 8.354035e+000
7.600000e+001 -4.400000e+001 4.985497e+000 8.611313e+000
8.400000e+001 -4.400000e+001 4.617042e+000 8.814353e+000
9.200000e+001 -4.400000e+001 4.293143e+000 8.976571e+000
1.000000e+002 -4.400000e+001 4.007399e+000 9.107725e+000
1.080000e+002 -4.400000e+001 3.754244e+000 9.214963e+000
1.160000e+002 -4.400000e+001 3.528942e+000 9.303573e+000
1.240000e+002 -4.400000e+001 3.327502e+000 9.377507e+000
1.320000e+002 -4.400000e+001 3.146584e+000 9.439752e+000
1.400000e+002 -4.400000e+001 2.983386e+000 9.492592e+000
1.480000e+002 -4.400000e+001 2.835560e+000 9.537793e+000
1.560000e+002 -4.400000e+001 2.701130e+000 9.576732e+000
1.640000e+002 -4.400000e+001 2.578426e+000 9.610495e+000
1.720000e+002 -4.400000e+001 2.466033e+000 9.639947e+000
1.800000e+002 -4.400000e+001 2.362747e+000 9.665781e+000
1.880000e+002 -4.400000e+001 2.267535e+000 9.688559e+000
-1.880000e+002 -3.600000e+001 1.871389e+000 -9.772809e+000
-1.800000e+002 -3.600000e+001 1.951428e+000 -9.757142e+000
-1.720000e+002 -3.600000e+001 2.038465e+000 -9.739331e+000
-1.640000e+002 -3.600000e+001 2.133432e+000 -9.718969e+000
-1.560000e+002 -3.600000e+001 2.237436e+000 -9.695555e+000
-1.480000e+002 -3.600000e+001 2.351786e+000 -9.668454e+000
-1.400000e+002 -3.600000e+001 2.478051e+000 -9.636865e+000
-1.320000e+002 -3.600000e+001 2.618116e+000 -9.599759e+000
-1.240000e+002 -3.600000e+001 2.774265e+000 -9.555802e+000
-1.160000e+002 -3.600000e+001 2.949282e+000 -9.503243e+000
-1.080000e+002 -3.600000e+001 3.146584e+000 -9.439752e+000
-1.000000e+002 -3.600000e+001 3.370385e+000 -9.362180e+000
-9.200000e+001 -3.600000e+001 3.625909e+000 -9.266212e+000
-8.400000e+001 -3.600000e+001 3.919644e+000 -9.145835e+000
-7.600000e+001 -3.600000e+001 4.259618e+000 -8.992528e+000
-6.800000e+001 -3.600000e+001 4.655657e+000 -8.794018e+000
-6.000000e+001 -3.600000e+001 5.119424e+000 -8.532374e+000
-5.200000e+001 -3.600000e+001 5.663851e+000 -8.181118e+000
-4.400000e+001 -3.600000e+001 6.300952e+000 -7.701163e+000
-3.600000e+001 -3.600000e+001 7.035975e+000 -7.035975e+000
-2.800000e+001 -3.600000e+001 7.854348e+000 -6.108937e+000
-2.000000e+001 -3.600000e+001 8.698190e+000 -4.832328e+000
-1.200000e+001 -3.600000e+001 9.439752e+000 -3.146584e+000
-4.000000e+000 -3.600000e+001 9.889513e+000 -1.098835e+000
4.000000e+000 -3.600000e+001 9.889513e+000 1.098835e+000
1.200000e+001 -3.600000e+001 9.439752e+000 3.146584e+000
2.000000e+001 -3.600000e+001 8.698190e+000 4.832328e+000
2.800000e+001 -3.600000e+001 7.854348e+000 6.108937e+000
3.600000e+001 -3.600000e+001 7.035975e+000 7.035975e+000
4.400000e+001 -3.600000e+001 6.300952e+000 7.701163e+000
5.200000e+001 -3.600000e+001 5.663851e+000 8.181118e+000
6.000000e+001 -3.600000e+001 5.119424e+000 8.532374e+000
6.800000e+001 -3.600000e+001 4.655657e+000 8.794018e+000
7.600000e+001 -3.600000e+001 4.259618e+000 8.992528e+000
8.400000e+001 -3.600000e+001 3.919644e+000 9.145835e+000
9.200000e+001 -3.600000e+001 3.625909e+000 9.266212e+000
1.000000e+002 -3.600000e+001 3.370385e+000 9.362180e+000
1.080000e+002 -3.600000e+001 3.146584e+000 9.439752e+000
1.160000e+002 -3.600000e+001 2.949282e+000 9.503243e+000
1.240000e+002 -3.600000e+001 2.774265e+000 9.555802e+000
1.320000e+002 -3.600000e+001 2.618116e+000 9.599759e+000
1.400000e+002 -3.600000e+001 2.478051e+000 9.636865e+000
1.480000e+002 -3.600000e+001 2.351786e+000 9.668454e+000
1.560000e+002 -3.600000e+001 2.237436e+000 9.695555e+000
1.640000e+002 -3.600000e+001 2.133432e+000 9.718969e+000
1.720000e+002 -3.600000e+001 2.038465e+000 9.739331e+000
1.800000e+002 -3.600000e+001 1.951428e+000 9.757142e+000
1.880000e+002 -3.600000e+001 1.871389e+000 9.772809e+000
-1.880000e+002 -2.800000e+001 1.465802e+000 -9.841815e+000
-1.800000e+002 -2.800000e+001 1.529442e+000 -9.832126e+000
-1.720000e+002 -2.800000e+001 1.598782e+000 -9.821089e+000
-1.640000e+002 -2.800000e+001 1.674612e+000 -9.808444e+000
-1.560000e+002 -2.800000e+001 1.757873e+000 -9.793865e+000
-1.480000e+002 -2.800000e+001 1.849691e+000 -9.776939e+000
-1.400000e+002 -2.800000e+001 1.951428e+000 -9.757142e+000
-1.320000e+002 -2.800000e+001 2.064744e+000 -9.733793e+000
-1.240000e+002 -2.800000e+001 2.191678e+000 -9.706001e+000
-1.160000e+002 -2.800000e+001 2.334761e+000 -9.672579e+000
-1.080000e+002 -2.800000e+001 2.497167e+000 -9.631929e+000
-1.000000e+002 -2.800000e+001 2.682918e+000 -9.581850e+000
-9.200000e+001 -2.800000e+001 2.897166e+000 -9.519261e+000
-8.400000e+001 -2.800000e+001 3.146584e+000 -9.439752e+000
-7.600000e+001 -2.800000e+001 3.439897e+000 -9.336863e+000
-6.800000e+001 -2.800000e+001 3.788602e+000 -9.200891e+000
-6.000000e+001 -2.800000e+001 4.207868e+000 -9.016859e+000
-5.200000e+001 -2.800000e+001 4.717470e+000 -8.761015e+000
-4.400000e+001 -2.800000e+001 5.342111e+000 -8.394746e+000
-3.600000e+001 -2.800000e+001 6.108937e+000 -7.854348e+000
-2.800000e+001 -2.800000e+001 7.035975e+000 -7.035975e+000
-2.000000e+001 -2.800000e+001 8.096951e+000 -5.783536e+000
-1.200000e+001 -2.800000e+001 9.145835e+000 -3.919644e+000
-4.000000e+000 -2.800000e+001 9.850366e+000 -1.407195e+000
4.000000e+000 -2.800000e+001 9.850366e+000 1.407195e+000
1.200000e+001 -2.800000e+001 9.145835e+000 3.919644e+000
2.000000e+001 -2.800000e+001 8.096951e+000 5.783536e+000
2.800000e+001 -2.800000e+001 7.035975e+000 7.035975e+000
3.600000e+001 -2.800000e+001 6.108937e+000 7.854348e+000
4.400000e+001 -2.800000e+001 5.342111e+000 8.394746e+000
5.200000e+001 -2.800000e+001 4.717470e+000 8.761015e+000
6.000000e+001 -2.800000e+001 4.207868e+000 9.016859e+000
6.800000e+001 -2.800000e+001 3.788602e+000 9.200891e+000
7.600000e+001 -2.800000e+001 3.439897e+000 9.336863e+000
8.400000e+001 -2.800000e+001 3.146584e+000 9.439752e+000
9.200000e+001 -2.800000e+001 2.897166e+000 9.519261e+000
1.000000e+002 -2.800000e+001 2.682918e+000 9.581850e+000
1.080000e+002 -2.800000e+001 2.497167e+000 9.631929e+000
1.160000e+002 -2.800000e+001 2.334761e+000 9.672579e+000
1.240000e+002 -2.800000e+001 2.191678e+000 9.706001e+000
1.320000e+002 -2.800000e+001 2.064744e+000 9.733793e+000
1.400000e+002 -2.800000e+001 1.951428e+000 9.757142e+000
1.480000e+002 -2.800000e+001 1.849691e+000 9.776939e+000
1.560000e+002 -2.800000e+001 1.757873e+000 9.793865e+000
1.640000e+002 -2.800000e+001 1.674612e+000 9.808444e+000
1.720000e+002 -2.800000e+001 1.598782e+000 9.821089e+000
1.800000e+002 -2.800000e+001 1.529442e+000 9.832126e+000
1.880000e+002 -2.800000e+001 1.465802e+000 9.841815e+000
-1.880000e+002 -2.000000e+001 1.052611e+000 -9.894540e+000
-1.800000e+002 -2.000000e+001 1.098835e+000 -9.889513e+000
-1.720000e+002 -2.000000e+001 1.149276e+000 -9.883778e+000
-1.640000e+002 -2.000000e+001 1.204536e+000 -9.877196e+000
-1.560000e+002 -2.000000e+001 1.265332e+000 -9.869591e+000
-1.480000e+002 -2.000000e+001 1.332533e+000 -9.860743e+000
-1.400000e+002 -2.000000e+001 1.407195e+000 -9.850366e+000
-1.320000e+002 -2.000000e+001 1.490619e+000 -9.838087e+000
-1.240000e+002 -2.000000e+001 1.584422e+000 -9.823416e+000
-1.160000e+002 -2.000000e+001 1.690637e+000 -9.805695e+000
-1.080000e+002 -2.000000e+001 1.811856e+000 -9.784022e+000
-1.000000e+002 -2.000000e+001 1.951428e+000 -9.757142e+000
-9.200000e+001 -2.000000e+001 2.113754e+000 -9.723268e+000
-8.400000e+001 -2.000000e+001 2.304710e+000 -9.679784e+000
-7.600000e+001 -2.000000e+001 2.532303e+000 -9.622751e+000
-6.800000e+001 -2.000000e+001 2.807660e+000 -9.546044e+000
-6.000000e+001 -2.000000e+001 3.146584e+000 -9.439752e+000
-5.200000e+001 -2.000000e+001 3.571975e+000 -9.287136e+000
-4.400000e+001 -2.000000e+001 4.117493e+000 -9.058485e+000
-3.600000e+001 -2.000000e+001 4.832328e+000 -8.698190e+000
-2.800000e+001 -2.000000e+001 5.783536e+000 -8.096951e+000
-2.000000e+001 -2.000000e+001 7.035975e+000 -7.035975e+000
-1.200000e+001 -2.000000e+001 8.532374e+000 -5.119424e+000
-4.000000e+000 -2.000000e+001 9.757142e+000 -1.951428e+000
4.000000e+000 -2.000000e+001 9.757142e+000 1.951428e+000
1.200000e+001 -2.000000e+001 8.532374e+000 5.119424e+000
2.000000e+001 -2.000000e+001 7.035975e+000 7.035975e+000
2.800000e+001 -2.000000e+001 5.783536e+000 8.096951e+000
3.600000e+001 -2.000000e+001 4.832328e+000 8.698190e+000
4.400000e+001 -2.000000e+001 4.117493e+000 9.058485e+000
5.200000e+001 -2.000000e+001 3.571975e+000 9.287136e+000
6.000000e+001 -2.000000e+001 3.146584e+000 9.439752e+000
6.800000e+001 -2.000000e+001 2.807660e+000 9.546044e+000
7.600000e+001 -2.000000e+001 2.532303e+000 9.622751e+000
8.400000e+001 -2.000000e+001 2.304710e+000 9.679784e+000
9.200000e+001 -2.000000e+001 2.113754e+000 9.723268e+000
1.000000e+002 -2.000000e+001 1.951428e+000 9.757142e+000
1.080000e+002 -2.000000e+001 1.811856e+000 9.784022e+000
1.160000e+002 -2.000000e+001 1.690637e+000 9.805695e+000
1.240000e+002 -2.000000e+001 1.584422e+000 9.823416e+000
1.320000e+002 -2.000000e+001 1.490619e+000 9.838087e+000
1.400000e+002 -2.000000e+001 1.407195e+000 9.850366e+000
1.480000e+002 -2.000000e+001 1.332533e+000 9.860743e+000
1.560000e+002 -2.000000e+001 1.265332e+000 9.869591e+000
1.640000e+002 -2.000000e+001 1.204536e+000 9.877196e+000
1.720000e+002 -2.000000e+001 1.149276e+000 9.883778e+000
1.800000e+002 -2.000000e+001 1.098835e+000 9.889513e+000
1.880000e+002 -2.000000e+001 1.052611e+000 9.894540e+000
-1.880000e+002 -1.200000e+001 6.338402e-001 -9.930164e+000
-1.800000e+002 -1.200000e+001 6.618889e-001 -9.928333e+000
-1.720000e+002 -1.200000e+001 6.925286e-001 -9.926243e+000
-1.640000e+002 -1.200000e+001 7.261347e-001 -9.923841e+000
-1.560000e+002 -1.200000e+001 7.631587e-001 -9.921063e+000
-1.480000e+002 -1.200000e+001 8.041479e-001 -9.917825e+000
-1.400000e+002 -1.200000e+001 8.497731e-001 -9.914020e+000
-1.320000e+002 -1.200000e+001 9.008643e-001 -9.909508e+000
-1.240000e+002 -1.200000e+001 9.584616e-001 -9.904103e+000
-1.160000e+002 -1.200000e+001 1.023885e+000 -9.897553e+000
-1.080000e+002 -1.200000e+001 1.098835e+000 -9.889513e+000
-1.000000e+002 -1.200000e+001 1.185539e+000 -9.879494e+000
-9.200000e+001 -1.200000e+001 1.286973e+000 -9.866793e+000
-8.400000e+001 -1.200000e+001 1.407195e+000 -9.850366e+000
-7.600000e+001 -1.200000e+001 1.551886e+000 -9.828609e+000
-6.800000e+001 -1.200000e+001 1.729229e+000 -9.798963e+000
-6.000000e+001 -1.200000e+001 1.951428e+000 -9.757142e+000
-5.200000e+001 -1.200000e+001 2.237436e+000 -9.695555e+000
-4.400000e+001 -1.200000e+001 2.618116e+000 -9.599759e+000
-3.600000e+001 -1.200000e+001 3.146584e+000 -9.439752e+000
-2.800000e+001 -1.200000e+001 3.919644e+000 -9.145835e+000
-2.000000e+001 -1.200000e+001 5.119424e+000 -8.532374e+000
-1.200000e+001 -1.200000e+001 7.035975e+000 -7.035975e+000
-4.000000e+000 -1.200000e+001 9.439752e+000 -3.146584e+000
4.000000e+000 -1.200000e+001 9.439752e+000 3.146584e+000
1.200000e+001 -1.200000e+001 7.035975e+000 7.035975e+000
2.000000e+001 -1.200000e+001 5.119424e+000 8.532374e+000
2.800000e+001 -1.200000e+001 3.919644e+000 9.145835e+000
3.600000e+001 -1.200000e+001 3.146584e+000 9.439752e+000
4.400000e+001 -1.200000e+001 2.618116e+000 9.599759e+000
5.200000e+001 -1.200000e+001 2.237436e+000 9.695555e+000
6.000000e+001 -1.200000e+001 1.951428e+000 9.757142e+000
6.800000e+001 -1.200000e+001 1.729229e+000 9.798963e+000
7.600000e+001 -1.200000e+001 1.551886e+000 9.828609e+000
8.400000e+001 -1.200000e+001 1.407195e+000 9.850366e+000
9.200000e+001 -1.200000e+001 1.286973e+000 9.866793e+000
1.000000e+002 -1.200000e+001 1.185539e+000 9.879494e+000
1.080000e+002 -1.200000e+001 1.098835e+000 9.889513e+000
1.160000e+002 -1.200000e+001 1.023885e+000 9.897553e+000
1.240000e+002 -1.200000e+001 9.584616e-001 9.904103e+000
1.320000e+002 -1.200000e+001 9.008643e-001 9.909508e+000
1.400000e+002 -1.200000e+001 8.497731e-001 9.914020e+000
1.480000e+002 -1.200000e+001 8.041479e-001 9.917825e+000
1.560000e+002 -1.200000e+001 7.631587e-001 9.921063e+000
1.640000e+002 -1.200000e+001 7.261347e-001 9.923841e+000
1.720000e+002 -1.200000e+001 6.925286e-001 9.926243e+000
1.800000e+002 -1.200000e+001 6.618889e-001 9.928333e+000
1.880000e+002 -1.200000e+001 6.338402e-001 9.930164e+000
-1.880000e+002 -4.000000e+000 2.116621e-001 -9.948120e+000
-1.800000e+002 -4.000000e+000 2.210648e-001 -9.947916e+000
-1.720000e+002 -4.000000e+000 2.313414e-001 -9.947682e+000
-1.640000e+002 -4.000000e+000 2.426198e-001 -9.947414e+000
-1.560000e+002 -4.000000e+000 2.550539e-001 -9.947103e+000
-1.480000e+002 -4.000000e+000 2.688308e-001 -9.946740e+000
-1.400000e+002 -4.000000e+000 2.841804e-001 -9.946313e+000
-1.320000e+002 -4.000000e+000 3.013881e-001 -9.945806e+000
-1.240000e+002 -4.000000e+000 3.208129e-001 -9.945199e+000
-1.160000e+002 -4.000000e+000 3.429125e-001 -9.944461e+000
-1.080000e+002 -4.000000e+000 3.682798e-001 -9.943554e+000
-1.000000e+002 -4.000000e+000 3.976968e-001 -9.942421e+000
-9.200000e+001 -4.000000e+000 4.322165e-001 -9.940980e+000
-8.400000e+001 -4.000000e+000 4.732909e-001 -9.939109e+000
-7.600000e+001 -4.000000e+000 5.229799e-001 -9.936619e+000
-6.800000e+001 -4.000000e+000 5.843060e-001 -9.933201e+000
-6.000000e+001 -4.000000e+000 6.618889e-001 -9.928333e+000
-5.200000e+001 -4.000000e+000 7.631587e-001 -9.921063e+000
-4.400000e+001 -4.000000e+000 9.008643e-001 -9.909508e+000
-3.600000e+001 -4.000000e+000 1.098835e+000 -9.889513e+000
-2.800000e+001 -4.000000e+000 1.407195e+000 -9.850366e+000
-2.000000e+001 -4.000000e+000 1.951428e+000 -9.757142e+000
-1.200000e+001 -4.000000e+000 3.146584e+000 -9.439752e+000
-4.000000e+000 -4.000000e+000 7.035975e+000 -7.035975e+000
4.000000e+000 -4.000000e+000 7.035975e+000 7.035975e+000
1.200000e+001 -4.000000e+000 3.146584e+000 9.439752e+000
2.000000e+001 -4.000000e+000 1.951428e+000 9.757142e+000
2.800000e+001 -4.000000e+000 1.407195e+000 9.850366e+000
3.600000e+001 -4.000000e+000 1.098835e+000 9.889513e+000
4.400000e+001 -4.000000e+000 9.008643e-001 9.909508e+000
5.200000e+001 -4.000000e+000 7.631587e-001 9.921063e+000
6.000000e+001 -4.000000e+000 6.618889e-001 9.928333e+000
6.800000e+001 -4.000000e+000 5.843060e-001 9.933201e+000
7.600000e+001 -4.000000e+000 5.229799e-001 9.936619e+000
8.400000e+001 -4.000000e+000 4.732909e-001 9.939109e+000
9.200000e+001 -4.000000e+000 4.322165e-001 9.940980e+000
1.000000e+002 -4.000000e+000 3.976968e-001 9.942421e+000
1.080000e+002 -4.000000e+000 3.682798e-001 9.943554e+000
1.160000e+002 -4.000000e+000 3.429125e-001 9.944461e+000
1.240000e+002 -4.000000e+000 3.208129e-001 9.945199e+000
1.320000e+002 -4.000000e+000 3.013881e-001 9.945806e+000
1.400000e+002 -4.000000e+000 2.841804e-001 9.946313e+000
1.480000e+002 -4.000000e+000 2.688308e-001 9.946740e+000
1.560000e+002 -4.000000e+000 2.550539e-001 9.947103e+000
1.640000e+002 -4.000000e+000 2.426198e-001 9.947414e+000
1.720000e+002 -4.000000e+000 2.313414e-001 9.947682e+000
1.800000e+002 -4.000000e+000 2.210648e-001 9.947916e+000
1.880000e+002 -4.000000e+000 2.116621e-001 9.948120e+000
-1.880000e+002 4.000000e+000 -2.116621e-001 -9.948120e+000
-1.800000e+002 4.000000e+000 -2.210648e-001 -9.947916e+000
-1.720000e+002 4.000000e+000 -2.313414e-001 -9.947682e+000
-1.640000e+002 4.000000e+000 -2.426198e-001 -9.947414e+000
-1.560000e+002 4.000000e+000 -2.550539e-001 -9.947103e+000
-1.480000e+002 4.000000e+000 -2.688308e-001 -9.946740e+000
-1.400000e+002 4.000000e+000 -2.841804e-001 -9.946313e+000
-1.320000e+002 4.000000e+000 -3.013881e-001 -9.945806e+000
-1.240000e+002 4.000000e+000 -3.208129e-001 -9.945199e+000
-1.160000e+002 4.000000e+000 -3.429125e-001 -9.944461e+000
-1.080000e+002 4.000000e+000 -3.682798e-001 -9.943554e+000
-1.000000e+002 4.000000e+000 -3.976968e-001 -9.942421e+000
-9.200000e+001 4.000000e+000 -4.322165e-001 -9.940980e+000
-8.400000e+001 4.000000e+000 -4.732909e-001 -9.939109e+000
-7.600000e+001 4.000000e+000 -5.229799e-001 -9.936619e+000
-6.800000e+001 4.000000e+000 -5.843060e-001 -9.933201e+000
-6.000000e+001 4.000000e+000 -6.618889e-001 -9.928333e+000
-5.200000e+001 4.000000e+000 -7.631587e-001 -9.921063e+000
-4.400000e+001 4.000000e+000 -9.008643e-001 -9.909508e+000
-3.600000e+001 4.000000e+000 -1.098835e+000 -9.889513e+000
-2.800000e+001 4.000000e+000 -1.407195e+000 -9.850366e+000
-2.000000e+001 4.000000e+000 -1.951428e+000 -9.757142e+000
-1.200000e+001 4.000000e+000 -3.146584e+000 -9.439752e+000
-4.000000e+000 4.000000e+000 -7.035975e+000 -7.035975e+000
4.000000e+000 4.000000e+000 -7.035975e+000 7.035975e+000
1.200000e+001 4.000000e+000 -3.146584e+000 9.439752e+000
2.000000e+001 4.000000e+000 -1.951428e+000 9.757142e+000
2.800000e+001 4.000000e+000 -1.407195e+000 9.850366e+000
3.600000e+001 4.000000e+000 -1.098835e+000 9.889513e+000
4.400000e+001 4.000000e+000 -9.008643e-001 9.909508e+000
5.200000e+001 4.000000e+000 -7.631587e-001 9.921063e+000
6.000000e+001 4.000000e+000 -6.618889e-001 9.928333e+000
6.800000e+001 4.000000e+000 -5.843060e-001 9.933201e+000
7.600000e+001 4.000000e+000 -5.229799e-001 9.936619e+000
8.400000e+001 4.000000e+000 -4.732909e-001 9.939109e+000
9.200000e+001 4.000000e+000 -4.322165e-001 9.940980e+000
1.000000e+002 4.000000e+000 -3.976968e-001 9.942421e+000
1.080000e+002 4.000000e+000 -3.682798e-001 9.943554e+000
1.160000e+002 4.000000e+000 -3.429125e-001 9.944461e+000
1.240000e+002 4.000000e+000 -3.208129e-001 9.945199e+000
1.320000e+002 4.000000e+000 -3.013881e-001 9.945806e+000
1.400000e+002 4.000000e+000 -2.841804e-001 9.946313e+000
1.480000e+002 4.000000e+000 -2.688308e-001 9.946740e+000
1.560000e+002 4.000000e+000 -2.550539e-001 9.947103e+000
1.640000e+002 4.000000e+000 -2.426198e-001 9.947414e+000
1.720000e+002 4.000000e+000 -2.313414e-001 9.947682e+000
1.800000e+002 4.000000e+000 -2.210648e-001 9.947916e+000
1.880000e+002 4.000000e+000 -2.116621e-001 9.948120e+000
-1.880000e+002 1.200000e+001 -6.338402e-001 -9.930164e+000
-1.800000e+002 1.200000e+001 -6.618889e-001 -9.928333e+000
-1.720000e+002 1.200000e+001 -6.925286e-001 -9.926243e+000
-1.640000e+002 1.200000e+001 -7.261347e-001 -9.923841e+000
-1.560000e+002 1.200000e+001 -7.631587e-001 -9.921063e+000
-1.480000e+002 1.200000e+001 -8.041479e-001 -9.917825e+000
-1.400000e+002 1.200000e+001 -8.497731e-001 -9.914020e+000
-1.320000e+002 1.200000e+001 -9.008643e-001 -9.909508e+000
-1.240000e+002 1.200000e+001 -9.584616e-001 -9.904103e+000
-1.160000e+002 1.200000e+001 -1.023885e+000 -9.897553e+000
-1.080000e+002 1.200000e+001 -1.098835e+000 -9.889513e+000
-1.000000e+002 1.200000e+001 -1.185539e+000 -9.879494e+000
-9.200000e+001 1.200000e+001 -1.286973e+000 -9.866793e+000
-8.400000e+001 1.200000e+001 -1.407195e+000 -9.850366e+000
-7.600000e+001 1.200000e+001 -1.551886e+000 -9.828609e+000
-6.800000e+001 1.200000e+001 -1.729229e+000 -9.798963e+000
-6.000000e+001 1.200000e+001 -1.951428e+000 -9.757142e+000
-5.200000e+001 1.200000e+001 -2.237436e+000 -9.695555e+000
-4.400000e+001 1.200000e+001 -2.618116e+000 -9.599759e+000
-3.600000e+001 1.200000e+001 -3.146584e+000 -9.439752e+000
-2.800000e+001 1.200000e+001 -3.919644e+000 -9.145835e+000
-2.000000e+001 1.200000e+001 -5.119424e+000 -8.532374e+000
-1.200000e+001 1.200000e+001 -7.035975e+000 -7.035975e+000
-4.000000e+000 1.200000e+001 -9.439752e+000 -3.146584e+000
4.000000e+000 1.200000e+001 -9.439752e+000 3.146584e+000
1.200000e+001 1.200000e+001 -7.035975e+000 7.035975e+000
2.000000e+001 1.200000e+001 -5.119424e+000 8.532374e+000
2.800000e+001 1.200000e+001 -3.919644e+000 9.145835e+000
3.600000e+001 1.200000e+001 -3.146584e+000 9.439752e+000
4.400000e+001 1.200000e+001 -2.618116e+000 9.599759e+000
5.200000e+001 1.200000e+001 -2.237436e+000 9.695555e+000
6.000000e+001 1.200000e+001 -1.951428e+000 9.757142e+000
6.800000e+001 1.200000e+001 -1.729229e+000 9.798963e+000
7.600000e+001 1.200000e+001 -1.551886e+000 9.828609e+000
8.400000e+001 1.200000e+001 -1.407195e+000 9.850366e+000
9.200000e+001 1.200000e+001 -1.286973e+000 9.866793e+000
1.000000e+002 1.200000e+001 -1.185539e+000 9.879494e+000
1.080000e+002 1.200000e+001 -1.098835e+000 9.889513e+000
1.160000e+002 1.200000e+001 -1.023885e+000 9.897553e+000
1.240000e+002 1.200000e+001 -9.584616e-001 9.904103e+000
1.320000e+002 1.200000e+001 -9.008643e-001 9.909508e+000
1.400000e+002 1.200000e+001 -8.497731e-001 9.914020e+000
1.480000e+002 1.200000e+001 -8.041479e-001 9.917825e+000
1.560000e+002 1.200000e+001 -7.631587e-001 9.921063e+000
1.640000e+002 1.200000e+001 -7.261347e-001 9.923841e+000
1.720000e+002 1.200000e+001 -6.925286e-001 9.926243e+000
1.800000e+002 1.200000e+001 -6.618889e-001 9.928333e+000
1.880000e+002 1.200000e+001 -6.338402e-001 9.930164e+000
-1.880000e+002 2.000000e+001 -1.052611e+000 -9.894540e+000
-1.800000e+002 2.000000e+001 -1.098835e+000 -9.889513e+000
-1.720000e+002 2.000000e+001 -1.149276e+000 -9.883778e+000
-1.640000e+002 2.000000e+001 -1.204536e+000 -9.877196e+000
-1.560000e+002 2.000000e+001 -1.265332e+000 -9.869591e+000
-1.480000e+002 2.000000e+001 -1.332533e+000 -9.860743e+000
-1.400000e+002 2.000000e+001 -1.407195e+000 -9.850366e+000
-1.320000e+002 2.000000e+001 -1.490619e+000 -9.838087e+000
-1.240000e+002 2.000000e+001 -1.584422e+000 -9.823416e+000
-1.160000e+002 2.000000e+001 -1.690637e+000 -9.805695e+000
-1.080000e+002 2.000000e+001 -1.811856e+000 -9.784022e+000
-1.000000e+002 2.000000e+001 -1.951428e+000 -9.757142e+000
-9.200000e+001 2.000000e+001 -2.113754e+000 -9.723268e+000
-8.400000e+001 2.000000e+001 -2.304710e+000 -9.679784e+000
-7.600000e+001 2.000000e+001 -2.532303e+000 -9.622751e+000
-6.800000e+001 2.000000e+001 -2.807660e+000 -9.546044e+000
-6.000000e+001 2.000000e+001 -3.146584e+000 -9.439752e+000
-5.200000e+001 2.000000e+001 -3.571975e+000 -9.287136e+000
-4.400000e+001 2.000000e+001 -4.117493e+000 -9.058485e+000
-3.600000e+001 2.000000e+001 -4.832328e+000 -8.698190e+000
-2.800000e+001 2.000000e+001 -5.783536e+000 -8.096951e+000
-2.000000e+001 2.000000e+001 -7.035975e+000 -7.035975e+000
-1.200000e+001 2.000000e+001 -8.532374e+000 -5.119424e+000
-4.000000e+000 2.000000e+001 -9.757142e+000 -1.951428e+000
4.000000e+000 2.000000e+001 -9.757142e+000 1.951428e+000
1.200000e+001 2.000000e+001 -8.532374e+000 5.119424e+000
2.000000e+001 2.000000e+001 -7.035975e+000 7.035975e+000
2.800000e+001 2.000000e+001 -5.783536e+000 8.096951e+000
3.600000e+001 2.000000e+001 -4.832328e+000 8.698190e+000
4.400000e+001 2.000000e+001 -4.117493e+000 9.058485e+000
5.200000e+001 2.000000e+001 -3.571975e+000 9.287136e+000
6.000000e+001 2.000000e+001 -3.146584e+000 9.439752e+000
6.800000e+001 2.000000e+001 -2.807660e+000 9.546044e+000
7.600000e+001 2.000000e+001 -2.532303e+000 9.622751e+000
8.400000e+001 2.000000e+001 -2.304710e+000 9.679784e+000
9.200000e+001 2.000000e+001 -2.113754e+000 9.723268e+000
1.000000e+002 2.000000e+001 -1.951428e+000 9.757142e+000
1.080000e+002 2.000000e+001 -1.811856e+000 9.784022e+000
1.160000e+002 2.000000e+001 -1.690637e+000 9.805695e+000
1.240000e+002 2.000000e+001 -1.584422e+000 9.823416e+000
1.320000e+002 2.000000e+001 -1.490619e+000 9.838087e+000
1.400000e+002 2.000000e+001 -1.407195e+000 9.850366e+000
1.480000e+002 2.000000e+001 -1.332533e+000 9.860743e+000
1.560000e+002 2.000000e+001 -1.265332e+000 9.869591e+000
1.640000e+002 2.000000e+001 -1.204536e+000 9.877196e+000
1.720000e+002 2.000000e+001 -1.149276e+000 9.883778e+000
1.800000e+002 2.000000e+001 -1.098835e+000 9.889513e+000
1.880000e+002 2.000000e+001 -1.052611e+000 9.894540e+000
-1.880000e+002 2.800000e+001 -1.465802e+000 -9.841815e+000
-1.800000e+002 2.800000e+001 -1.529442e+000 -9.832126e+000
-1.720000e+002 2.800000e+001 -1.598782e+000 -9.821089e+000
-1.640000e+002 2.800000e+001 -1.674612e+000 -9.808444e+000
-1.560000e+002 2.800000e+001 -1.757873e+000 -9.793865e+000
-1.480000e+002 2.800000e+001 -1.849691e+000 -9.776939e+000
-1.400000e+002 2.800000e+001 -1.951428e+000 -9.757142e+000
-1.320000e+002 2.800000e+001 -2.064744e+000 -9.733793e+000
-1.240000e+002 2.800000e+001 -2.191678e+000 -9.706001e+000
-1.160000e+002 2.800000e+001 -2.334761e+000 -9.672579e+000
-1.080000e+002 2.800000e+001 -2.497167e+000 -9.631929e+000
-1.000000e+002 2.800000e+001 -2.682918e+000 -9.581850e+000
-9.200000e+001 2.800000e+001 -2.897166e+000 -9.519261e+000
-8.400000e+001 2.800000e+001 -3.146584e+000 -9.439752e+000
-7.600000e+001 2.800000e+001 -3.439897e+000 -9.336863e+000
-6.800000e+001 2.800000e+001 -3.788602e+000 -9.200891e+000
-6.000000e+001 2.800000e+001 -4.207868e+000 -9.016859e+000
-5.200000e+001 2.800000e+001 -4.717470e+000 -8.761015e+000
-4.400000e+001 2.800000e+001 -5.342111e+000 -8.394746e+000
-3.600000e+001 2.800000e+001 -6.108937e+000 -7.854348e+000
-2.800000e+001 2.800000e+001 -7.035975e+000 -7.035975e+000
-2.000000e+001 2.800000e+001 -8.096951e+000 -5.783536e+000
-1.200000e+001 2.800000e+001 -9.145835e+000 -3.919644e+000
-4.000000e+000 2.800000e+001 -9.850366e+000 -1.407195e+000
4.000000e+000 2.800000e+001 -9.850366e+000 1.407195e+000
1.200000e+001 2.800000e+001 -9.145835e+000 3.919644e+000
2.000000e+001 2.800000e+001 -8.096951e+000 5.783536e+000
2.800000e+001 2.800000e+001 -7.035975e+000 7.035975e+000
3.600000e+001 2.800000e+001 -6.108937e+000 7.854348e+000
4.400000e+001 2.800000e+001 -5.342111e+000 8.394746e+000
5.200000e+001 2.800000e+001 -4.717470e+000 8.761015e+000
6.000000e+001 2.800000e+001 -4.207868e+000 9.016859e+000
6.800000e+001 2.800000e+001 -3.788602e+000 9.200891e+000
7.600000e+001 2.800000e+001 -3.439897e+000 9.336863e+000
8.400000e+001 2.800000e+001 -3.146584e+000 9.439752e+000
9.200000e+001 2.800000e+001 -2.897166e+000 9.519261e+000
1.000000e+002 2.800000e+001 -2.682918e+000 9.581850e+000
1.080000e+002 2.800000e+001 -2.497167e+000 9.631929e+000
1.160000e+002 2.800000e+001 -2.334761e+000 9.672579e+000
1.240000e+002 2.800000e+001 -2.191678e+000 9.706001e+000
1.320000e+002 2.800000e+001 -2.064744e+000 9.733793e+000
1.400000e+002 2.800000e+001 -1.951428e+000 9.757142e+000
1.480000e+002 2.800000e+001 -1.849691e+000 9.776939e+000
1.560000e+002 2.800000e+001 -1.757873e+000 9.793865e+000
1.640000e+002 2.800000e+001 -1.674612e+000 9.808444e+000
1.720000e+002 2.800000e+001 -1.598782e+000 9.821089e+000
1.800000e+002 2.800000e+001 -1.529442e+000 9.832126e+000
1.880000e+002 2.800000e+001 -1.465802e+000 9.841815e+000
-1.880000e+002 3.600000e+001 -1.871389e+000 -9.772809e+000
-1.800000e+002 3.600000e+001 -1.951428e+000 -9.757142e+000
-1.720000e+002 3.600000e+001 -2.038465e+000 -9.739331e+000
-1.640000e+002 3.600000e+001 -2.133432e+000 -9.718969e+000
-1.560000e+002 3.600000e+001 -2.237436e+000 -9.695555e+000
-1.480000e+002 3.600000e+001 -2.351786e+000 -9.668454e+000
-1.400000e+002 3.600000e+001 -2.478051e+000 -9.636865e+000
-1.320000e+002 3.600000e+001 -2.618116e+000 -9.599759e+000
-1.240000e+002 3.600000e+001 -2.774265e+000 -9.555802e+000
-1.160000e+002 3.600000e+001 -2.949282e+000 -9.503243e+000
-1.080000e+002 3.600000e+001 -3.146584e+000 -9.439752e+000
-1.000000e+002 3.600000e+001 -3.370385e+000 -9.362180e+000
-9.200000e+001 3.600000e+001 -3.625909e+000 -9.266212e+000
-8.400000e+001 3.600000e+001 -3.919644e+000 -9.145835e+000
-7.600000e+001 3.600000e+001 -4.259618e+000 -8.992528e+000
-6.800000e+001 3.600000e+001 -4.655657e+000 -8.794018e+000
-6.000000e+001 3.600000e+001 -5.119424e+000 -8.532374e+000
-5.200000e+001 3.600000e+001 -5.663851e+000 -8.181118e+000
-4.400000e+001 3.600000e+001 -6.300952e+000 -7.701163e+000
-3.600000e+001 3.600000e+001 -7.035975e+000 -7.035975e+000
-2.800000e+001 3.600000e+001 -7.854348e+000 -6.108937e+000
-2.000000e+001 3.600000e+001 -8.698190e+000 -4.832328e+000
-1.200000e+001 3.600000e+001 -9.439752e+000 -3.146584e+000
-4.000000e+000 3.600000e+001 -9.889513e+000 -1.098835e+000
4.000000e+000 3.600000e+001 -9.889513e+000 1.098835e+000
1.200000e+001 3.600000e+001 -9.439752e+000 3.146584e+000
2.000000e+001 3.600000e+001 -8.698190e+000 4.832328e+000
2.800000e+001 3.600000e+001 -7.854348e+000 6.108937e+000
3.600000e+001 3.600000e+001 -7.035975e+000 7.035975e+000
4.400000e+001 3.600000e+001 -6.300952e+000 7.701163e+000
5.200000e+001 3.600000e+001 -5.663851e+000 8.181118e+000
6.000000e+001 3.600000e+001 -5.119424e+000 8.532374e+000
6.800000e+001 3.600000e+001 -4.655657e+000 8.794018e+000
7.600000e+001 3.600000e+001 -4.259618e+000 8.992528e+000
8.400000e+001 3.600000e+001 -3.919644e+000 9.145835e+000
9.200000e+001 3.600000e+001 -3.625909e+000 9.266212e+000
1.000000e+002 3.600000e+001 -3.370385e+000 9.362180e+000
1.080000e+002 3.600000e+001 -3.146584e+000 9.439752e+000
1.160000e+002 3.600000e+001 -2.949282e+000 9.503243e+000
1.240000e+002 3.600000e+001 -2.774265e+000 9.555802e+000
1.320000e+002 3.600000e+001 -2.618116e+000 9.599759e+000
1.400000e+002 3.600000e+001 -2.478051e+000 9.636865e+000
1.480000e+002 3.600000e+001 -2.351786e+000 9.668454e+000
1.560000e+002 3.600000e+001 -2.237436e+000 9.695555e+000
1.640000e+002 3.600000e+001 -2.133432e+000 9.718969e+000
1.720000e+002 3.600000e+001 -2.038465e+000 9.739331e+000
1.800000e+002 3.600000e+001 -1.951428e+000 9.757142e+000
1.880000e+002 3.600000e+001 -1.871389e+000 9.772809e+000
-1.880000e+002 4.400000e+001 -2.267535e+000 -9.688559e+000
-1.800000e+002 4.400000e+001 -2.362747e+000 -9.665781e+000
-1.720000e+002 4.400000e+001 -2.466033e+000 -9.639947e+000
-1.640000e+002 4.400000e+001 -2.578426e+000 -9.610495e+000
-1.560000e+002 4.400000e+001 -2.701130e+000 -9.576732e+000
-1.480000e+002 4.400000e+001 -2.835560e+000 -9.537793e+000
-1.400000e+002 4.400000e+001 -2.983386e+000 -9.492592e+000
-1.320000e+002 4.400000e+001 -3.146584e+000 -9.439752e+000
-1.240000e+002 4.400000e+001 -3.327502e+000 -9.377507e+000
-1.160000e+002 4.400000e+001 -3.528942e+000 -9.303573e+000
-1.080000e+002 4.400000e+001 -3.754244e+000 -9.214963e+000
-1.000000e+002 4.400000e+001 -4.007399e+000 -9.107725e+000
-9.200000e+001 4.400000e+001 -4.293143e+000 -8.976571e+000
-8.400000e+001 4.400000e+001 -4.617042e+000 -8.814353e+000
-7.600000e+001 4.400000e+001 -4.985497e+000 -8.611313e+000
-6.800000e+001 4.400000e+001 -5.405552e+000 -8.354035e+000
-6.000000e+001 4.400000e+001 -5.884288e+000 -8.024030e+000
-5.200000e+001 4.400000e+001 -6.427366e+000 -7.595977e+000
-4.400000e+001 4.400000e+001 -7.035975e+000 -7.035975e+000
-3.600000e+001 4.400000e+001 -7.701163e+000 -6.300952e+000
-2.800000e+001 4.400000e+001 -8.394746e+000 -5.342111e+000
-2.000000e+001 4.400000e+001 -9.058485e+000 -4.117493e+000
-1.200000e+001 4.400000e+001 -9.599759e+000 -2.618116e+000
-4.000000e+000 4.400000e+001 -9.909508e+000 -9.008643e-001
4.000000e+000 4.400000e+001 -9.909508e+000 9.008643e-001
1.200000e+001 4.400000e+001 -9.599759e+000 2.618116e+000
2.000000e+001 4.400000e+001 -9.058485e+000 4.117493e+000
2.800000e+001 4.400000e+001 -8.394746e+000 5.342111e+000
3.600000e+001 4.400000e+001 -7.701163e+000 6.300952e+000
4.400000e+001 4.400000e+001 -7.035975e+000 7.035975e+000
5.200000e+001 4.400000e+001 -6.427366e+000 7.595977e+000
6.000000e+001 4.400000e+001 -5.884288e+000 8.024030e+000
6.800000e+001 4.400000e+001 -5.405552e+000 8.354035e+000
7.600000e+001 4.400000e+001 -4.985497e+000 8.611313e+000
8.400000e+001 4.400000e+001 -4.617042e+000 8.814353e+000
9.200000e+001 4.400000e+001 -4.293143e+000 8.976571e+000
1.000000e+002 4.400000e+001 -4.007399e+000 9.107725e+000
1.080000e+002 4.400000e+001 -3.754244e+000 9.214963e+000
1.160000e+002 4.400000e+001 -3.528942e+000 9.303573e+000
1.240000e+002 4.400000e+001 -3.327502e+000 9.377507e+000
1.320000e+002 4.400000e+001 -3.146584e+000 9.439752e+000
1.400000e+002 4.400000e+001 -2.983386e+000 9.492592e+000
1.480000e+002 4.400000e+001 -2.835560e+000 9.537793e+000
1.560000e+002 4.400000e+001 -2.701130e+000 9.576732e+000
1.640000e+002 4.400000e+001 -2.578426e+000 9.610495e+000
1.720000e+002 4.400000e+001 -2.466033e+000 9.639947e+000
1.800000e+002 4.400000e+001 -2.362747e+000 9.665781e+000
1.880000e+002 4.400000e+001 -2.267535e+000 9.688559e+000
-1.880000e+002 5.200000e+001 -2.652630e+000 -9.590279e+000
-1.800000e+002 5.200000e+001 -2.761623e+000 -9.559463e+000
-1.720000e+002 5.200000e+001 -2.879533e+000 -9.524610e+000
-1.640000e+002 5.200000e+001 -3.007439e+000 -9.484999e+000
-1.560000e+002 5.200000e+001 -3.146584e+000 -9.439752e+000
-1.480000e+002 5.200000e+001 -3.298409e+000 -9.387779e+000
-1.400000e+002 5.200000e+001 -3.464585e+000 -9.327730e+000
-1.320000e+002 5.200000e+001 -3.647055e+000 -9.257910e+000
-1.240000e+002 5.200000e+001 -3.848074e+000 -9.176177e+000
-1.160000e+002 5.200000e+001 -4.070258e+000 -9.079807e+000
-1.080000e+002 5.200000e+001 -4.316627e+000 -8.965302e+000
-1.000000e+002 5.200000e+001 -4.590631e+000 -8.828137e+000
-9.200000e+001 5.200000e+001 -4.896153e+000 -8.662424e+000
-8.400000e+001 5.200000e+001 -5.237424e+000 -8.460454e+000
-7.600000e+001 5.200000e+001 -5.618815e+000 -8.212114e+000
-6.800000e+001 5.200000e+001 -6.044354e+000 -7.904156e+000
-6.000000e+001 5.200000e+001 -6.516802e+000 -7.519387e+000
-5.200000e+001 5.200000e+001 -7.035975e+000 -7.035975e+000
-4.400000e+001 5.200000e+001 -7.595977e+000 -6.427366e+000
-3.600000e+001 5.200000e+001 -8.181118e+000 -5.663851e+000
-2.800000e+001 5.200000e+001 -8.761015e+000 -4.717470e+000
-2.000000e+001 5.200000e+001 -9.287136e+000 -3.571975e+000
-1.200000e+001 5.200000e+001 -9.695555e+000 -2.237436e+000
-4.000000e+000 5.200000e+001 -9.921063e+000 -7.631587e-001
4.000000e+000 5.200000e+001 -9.921063e+000 7.631587e-001
1.200000e+001 5.200000e+001 -9.695555e+000 2.237436e+000
2.000000e+001 5.200000e+001 -9.287136e+000 3.571975e+000
2.800000e+001 5.200000e+001 -8.761015e+000 4.717470e+000
3.600000e+001 5.200000e+001 -8.181118e+000 5.663851e+000
4.400000e+001 5.200000e+001 -7.595977e+000 6.427366e+000
5.200000e+001 5.200000e+001 -7.035975e+000 7.035975e+000
6.000000e+001 5.200000e+001 -6.516802e+000 7.519387e+000
6.800000e+001 5.200000e+001 -6.044354e+000 7.904156e+000
7.600000e+001 5.200000e+001 -5.618815e+000 8.212114e+000
8.400000e+001 5.200000e+001 -5.237424e+000 8.460454e+000
9.200000e+001 5.200000e+001 -4.896153e+000 8.662424e+000
1.000000e+002 5.200000e+001 -4.590631e+000 8.828137e+000
1.080000e+002 5.200000e+001 -4.316627e+000 8.965302e+000
1.160000e+002 5.200000e+001 -4.070258e+000 9.079807e+000
1.240000e+002 5.200000e+001 -3.848074e+000 9.176177e+000
1.320000e+002 5.200000e+001 -3.647055e+000 9.257910e+000
1.400000e+002 5.200000e+001 -3.464585e+000 9.327730e+000
1.480000e+002 5.200000e+001 -3.298409e+000 9.387779e+000
1.560000e+002 5.200000e+001 -3.146584e+000 9.439752e+000
1.640000e+002 5.200000e+001 -3.007439e+000 9.484999e+000
1.720000e+002 5.200000e+001 -2.879533e+000 9.524610e+000
1.800000e+002 5.200000e+001 -2.761623e+000 9.559463e+000
1.880000e+002 5.200000e+001 -2.652630e+000 9.590279e+000
-1.880000e+002 6.000000e+001 -3.025313e+000 -9.479313e+000
-1.800000e+002 6.000000e+001 -3.146584e+000 -9.439752e+000
-1.720000e+002 6.000000e+001 -3.277375e+000 -9.395143e+000
-1.640000e+002 6.000000e+001 -3.418764e+000 -9.344622e+000
-1.560000e+002 6.000000e+001 -3.571975e+000 -9.287136e+000
-1.480000e+002 6.000000e+001 -3.738406e+000 -9.221400e+000
-1.400000e+002 6.000000e+001 -3.919644e+000 -9.145835e+000
-1.320000e+002 6.000000e+001 -4.117493e+000 -9.058485e+000
-1.240000e+002 6.000000e+001 -4.333993e+000 -8.956919e+000
-1.160000e+002 6.000000e+001 -4.571429e+000 -8.838096e+000
-1.080000e+002 6.000000e+001 -4.832328e+000 -8.698190e+000
-1.000000e+002 6.000000e+001 -5.119424e+000 -8.532374e+000
-9.200000e+001 6.000000e+001 -5.435568e+000 -8.334537e+000
-8.400000e+001 6.000000e+001 -5.783536e+000 -8.096951e+000
-7.600000e+001 6.000000e+001 -6.165691e+000 -7.809875e+000
-6.800000e+001 6.000000e+001 -6.583381e+000 -7.461166e+000
-6.000000e+001 6.000000e+001 -7.035975e+000 -7.035975e+000
-5.200000e+001 6.000000e+001 -7.519387e+000 -6.516802e+000
-4.400000e+001 6.000000e+001 -8.024030e+000 -5.884288e+000
-3.600000e+001 6.000000e+001 -8.532374e+000 -5.119424e+000
-2.800000e+001 6.000000e+001 -9.016859e+000 -4.207868e+000
-2.000000e+001 6.000000e+001 -9.439752e+000 -3.146584e+000
-1.200000e+001 6.000000e+001 -9.757142e+000 -1.951428e+000
-4.000000e+000 6.000000e+001 -9.928333e+000 -6.618889e-001
4.000000e+000 6.000000e+001 -9.928333e+000 6.618889e-001
1.200000e+001 6.000000e+001 -9.757142e+000 1.951428e+000
2.000000e+001 6.000000e+001 -9.439752e+000 3.146584e+000
2.800000e+001 6.000000e+001 -9.016859e+000 4.207868e+000
3.600000e+001 6.000000e+001 -8.532374e+000 5.119424e+000
4.400000e+001 6.000000e+001 -8.024030e+000 5.884288e+000
5.200000e+001 6.000000e+001 -7.519387e+000 6.516802e+000
6.000000e+001 6.000000e+001 -7.035975e+000 7.035975e+000
6.800000e+001 6.000000e+001 -6.583381e+000 7.461166e+000
7.600000e+001 6.000000e+001 -6.165691e+000 7.809875e+000
8.400000e+001 6.000000e+001 -5.783536e+000 8.096951e+000
9.200000e+001 6.000000e+001 -5.435568e+000 8.334537e+000
1.000000e+002 6.000000e+001 -5.119424e+000 8.532374e+000
1.080000e+002 6.000000e+001 -4.832328e+000 8.698190e+000
1.160000e+002 6.000000e+001 -4.571429e+000 8.838096e+000
1.240000e+002 6.000000e+001 -4.333993e+000 8.956919e+000
1.320000e+002 6.000000e+001 -4.117493e+000 9.058485e+000
1.400000e+002 6.000000e+001 -3.919644e+000 9.145835e+000
1.480000e+002 6.000000e+001 -3.738406e+000 9.221400e+000
1.560000e+002 6.000000e+001 -3.571975e+000 9.287136e+000
1.640000e+002 6.000000e+001 -3.418764e+000 9.344622e+000
1.720000e+002 6.000000e+001 -3.277375e+000 9.395143e+000
1.800000e+002 6.000000e+001 -3.146584e+000 9.439752e+000
1.880000e+002 6.000000e+001 -3.025313e+000 9.479313e+000
#-----------------------------------------
