0.000000e+000 7.360840e-006
5.000000e-001 2.246374e-001
1.000000e+000 7.758140e-001
1.500000e+000 1.592967e+000
2.000000e+000 2.630947e+000
2.500000e+000 3.858928e+000
3.000000e+000 5.257281e+000
3.500000e+000 6.758489e+000
4.000000e+000 8.321517e+000
4.500000e+000 9.941066e+000
5.000000e+000 1.162059e+001
5.500000e+000 1.337059e+001
6.000000e+000 1.520546e+001
6.500000e+000 1.705589e+001
7.000000e+000 1.889153e+001
7.500000e+000 2.073339e+001
8.000000e+000 2.260524e+001
8.500000e+000 2.453323e+001
9.000000e+000 2.648974e+001
9.500000e+000 2.840472e+001
1.000000e+001 3.030457e+001
1.050000e+001 3.221831e+001
1.100000e+001 3.417588e+001
1.150000e+001 3.616852e+001
1.200000e+001 3.811328e+001
1.250000e+001 4.003397e+001
1.300000e+001 4.196153e+001
1.350000e+001 4.392725e+001
1.400000e+001 4.593254e+001
1.450000e+001 4.788961e+001
1.500000e+001 4.981815e+001
1.550000e+001 5.174979e+001
1.600000e+001 5.371628e+001
1.650000e+001 5.572605e+001
1.700000e+001 5.768939e+001
1.750000e+001 5.962132e+001
1.800000e+001 6.155371e+001
1.850000e+001 6.351850e+001
1.900000e+001 6.552963e+001
1.950000e+001 6.749721e+001
2.000000e+001 6.943106e+001
2.050000e+001 7.136315e+001
2.100000e+001 7.332545e+001
2.150000e+001 7.533654e+001
2.200000e+001 7.730774e+001
2.250000e+001 7.924307e+001
2.300000e+001 8.117456e+001
2.350000e+001 8.313418e+001
2.400000e+001 8.514443e+001
2.450000e+001 8.711911e+001
2.500000e+001 8.905586e+001
2.550000e+001 9.098673e+001
2.600000e+001 9.294369e+001
2.650000e+001 9.495248e+001
2.700000e+001 9.693068e+001
2.750000e+001 9.886890e+001
2.800000e+001 1.007992e+002
2.850000e+001 1.027536e+002
2.900000e+001 1.047604e+002
2.950000e+001 1.067422e+002
3.000000e+001 1.086820e+002
3.050000e+001 1.106119e+002
3.100000e+001 1.125638e+002
3.150000e+001 1.145680e+002
3.200000e+001 1.165536e+002
3.250000e+001 1.184951e+002
3.300000e+001 1.204247e+002
3.350000e+001 1.223743e+002
3.400000e+001 1.243754e+002
3.450000e+001 1.263648e+002
3.500000e+001 1.283082e+002
3.550000e+001 1.302375e+002
3.600000e+001 1.321849e+002
3.650000e+001 1.341825e+002
3.700000e+001 1.361759e+002
3.750000e+001 1.381212e+002
3.800000e+001 1.400505e+002
3.850000e+001 1.419958e+002
3.900000e+001 1.439893e+002
3.950000e+001 1.459868e+002
4.000000e+001 1.479341e+002
4.050000e+001 1.498635e+002
4.100000e+001 1.518069e+002
4.150000e+001 1.537964e+002
4.200000e+001 1.557974e+002
4.250000e+001 1.577470e+002
4.300000e+001 1.596766e+002
4.350000e+001 1.616181e+002
4.400000e+001 1.636038e+002
4.450000e+001 1.656079e+002
4.500000e+001 1.675598e+002
4.550000e+001 1.694897e+002
4.600000e+001 1.714295e+002
4.650000e+001 1.734114e+002
4.700000e+001 1.754182e+002
4.750000e+001 1.773725e+002
4.800000e+001 1.793028e+002
4.850000e+001 1.812411e+002
4.900000e+001 1.832194e+002
4.950000e+001 1.852282e+002
4.999990e+001 1.871847e+002