#data is loaded
#t(ns) mid_x(nm):
0.000000e+000 3.680420e-005
5.000000e-001 1.123696e+000
1.000000e+000 3.914526e+000
1.500000e+000 8.095713e+000
2.000000e+000 1.323184e+001
2.500000e+000 1.932936e+001
3.000000e+000 2.609736e+001
3.500000e+000 3.334786e+001
4.000000e+000 4.111845e+001
4.500000e+000 4.927948e+001
5.000000e+000 5.773227e+001
5.500000e+000 6.641254e+001
6.000000e+000 7.527545e+001
6.500000e+000 8.428828e+001
7.000000e+000 9.344164e+001
7.500000e+000 1.027152e+002
8.000000e+000 1.120847e+002
8.500000e+000 1.215312e+002
9.000000e+000 1.310400e+002
9.500000e+000 1.405994e+002
1.000000e+001 1.502000e+002
1.050000e+001 1.598342e+002
1.100000e+001 1.694959e+002
1.150000e+001 1.791801e+002
1.200000e+001 1.888827e+002
1.250000e+001 1.986005e+002
1.300000e+001 2.083308e+002
1.350000e+001 2.180712e+002
1.400000e+001 2.278199e+002
1.450000e+001 2.375755e+002
1.500000e+001 2.473367e+002
1.550000e+001 2.571024e+002
1.600000e+001 2.668719e+002
1.650000e+001 2.766444e+002
1.700000e+001 2.864194e+002
1.750000e+001 2.961964e+002
1.800000e+001 3.059749e+002
1.850000e+001 3.157548e+002
1.900000e+001 3.255356e+002
1.950000e+001 3.353171e+002
2.000000e+001 3.450993e+002
2.050000e+001 3.548819e+002
2.100000e+001 3.646647e+002
2.150000e+001 3.744478e+002
2.200000e+001 3.842309e+002
2.250000e+001 3.940140e+002
2.300000e+001 4.037971e+002
2.350000e+001 4.135800e+002
2.400000e+001 4.233628e+002
2.450000e+001 4.331453e+002
2.500000e+001 4.429275e+002
2.550000e+001 4.527095e+002
2.600000e+001 4.624911e+002
2.650000e+001 4.722724e+002
2.700000e+001 4.820533e+002
2.750000e+001 4.918338e+002
2.800000e+001 5.016140e+002
2.850000e+001 5.113946e+002
2.900000e+001 5.211756e+002
2.950000e+001 5.309571e+002
3.000000e+001 5.407391e+002
3.050000e+001 5.505215e+002
3.100000e+001 5.603043e+002
3.150000e+001 5.700875e+002
3.200000e+001 5.798710e+002
3.250000e+001 5.896550e+002
3.300000e+001 5.994392e+002
3.350000e+001 6.092238e+002
3.400000e+001 6.190087e+002
3.450000e+001 6.287939e+002
3.500000e+001 6.385794e+002
3.550000e+001 6.483651e+002
3.600000e+001 6.581511e+002
3.650000e+001 6.679374e+002
3.700000e+001 6.777238e+002
3.750000e+001 6.875105e+002
3.800000e+001 6.972974e+002
3.850000e+001 7.070844e+002
3.900000e+001 7.168716e+002
3.950000e+001 7.266590e+002
4.000000e+001 7.364465e+002
4.050000e+001 7.462341e+002
4.100000e+001 7.560219e+002
4.150000e+001 7.658097e+002
4.200000e+001 7.755976e+002
4.250000e+001 7.853856e+002
4.300000e+001 7.951737e+002
4.350000e+001 8.049617e+002
4.400000e+001 8.147498e+002
4.450000e+001 8.245379e+002
4.500000e+001 8.343260e+002
4.550000e+001 8.441141e+002
4.600000e+001 8.539022e+002
4.650000e+001 8.636902e+002
4.700000e+001 8.734782e+002
4.750000e+001 8.832660e+002
4.800000e+001 8.930538e+002
4.850000e+001 9.028415e+002
4.900000e+001 9.126291e+002
4.950000e+001 9.224166e+002
4.999990e+001 9.322019e+002
#timeout
