#data is loaded
#t(ns) mid_x(nm):
0.000000e+000 9.569092e-005
5.000000e-001 2.929458e+000
1.000000e+000 1.014614e+001
1.500000e+000 2.059969e+001
2.000000e+000 3.357217e+001
2.500000e+000 4.856111e+001
3.000000e+000 6.502340e+001
3.500000e+000 8.264818e+001
4.000000e+000 1.012844e+002
4.500000e+000 1.206972e+002
5.000000e+000 1.407347e+002
5.500000e+000 1.612884e+002
6.000000e+000 1.822816e+002
6.500000e+000 2.036681e+002
7.000000e+000 2.253614e+002
7.500000e+000 2.472654e+002
8.000000e+000 2.693665e+002
8.500000e+000 2.916858e+002
9.000000e+000 3.142414e+002
9.500000e+000 3.368640e+002
1.000000e+001 3.595771e+002
1.050000e+001 3.824742e+002
1.100000e+001 4.054647e+002
1.150000e+001 4.284556e+002
1.200000e+001 4.515776e+002
1.250000e+001 4.747994e+002
1.300000e+001 4.979764e+002
1.350000e+001 5.212660e+002
1.400000e+001 5.446232e+002
1.450000e+001 5.679202e+002
1.500000e+001 5.913384e+002
1.550000e+001 6.147597e+002
1.600000e+001 6.381336e+002
1.650000e+001 6.616384e+002
1.700000e+001 6.850776e+002
1.750000e+001 7.085016e+002
1.800000e+001 7.320433e+002
1.850000e+001 7.554740e+002
1.900000e+001 7.789299e+002
1.950000e+001 8.024568e+002
2.000000e+001 8.258613e+002
2.050000e+001 8.493312e+002
2.100000e+001 8.727947e+002
2.150000e+001 8.961561e+002
2.200000e+001 9.196050e+002
2.250000e+001 9.429737e+002
2.300000e+001 9.662682e+002
2.350000e+001 9.896453e+002
2.400000e+001 1.012901e+003
2.450000e+001 1.036092e+003
2.500000e+001 1.059349e+003
2.550000e+001 1.082463e+003
2.600000e+001 1.105501e+003
2.650000e+001 1.128580e+003
2.700000e+001 1.151516e+003
2.750000e+001 1.174333e+003
2.800000e+001 1.197143e+003
2.850000e+001 1.219854e+003
2.900000e+001 1.242377e+003
2.950000e+001 1.264795e+003
3.000000e+001 1.287151e+003
3.050000e+001 1.309307e+003
3.100000e+001 1.331237e+003
3.150000e+001 1.352963e+003
3.200000e+001 1.374481e+003
3.250000e+001 1.395762e+003
3.300000e+001 1.416727e+003
3.350000e+001 1.437302e+003
3.400000e+001 1.457440e+003
3.450000e+001 1.477064e+003
3.500000e+001 1.496069e+003
3.550000e+001 1.514299e+003
3.600000e+001 1.531672e+003
3.650000e+001 1.548007e+003
3.700000e+001 1.562836e+003
3.750000e+001 1.576069e+003
3.800000e+001 1.587025e+003
3.850000e+001 1.595134e+003
3.900000e+001 1.599608e+003
3.950000e+001 1.599511e+003
4.000000e+001 1.593775e+003
4.050000e+001 1.581734e+003
4.100000e+001 1.563745e+003
4.150000e+001 1.541932e+003
4.200000e+001 1.520157e+003
4.250000e+001 1.502212e+003
4.300000e+001 1.490480e+003
4.350000e+001 1.485277e+003
4.400000e+001 1.485897e+003
4.450000e+001 1.491192e+003
4.500000e+001 1.500235e+003
4.550000e+001 1.512089e+003
4.600000e+001 1.526233e+003
4.650000e+001 1.541969e+003
4.700000e+001 1.559151e+003
4.750000e+001 1.577380e+003
4.800000e+001 1.596445e+003
4.850000e+001 1.616203e+003
4.900000e+001 1.636531e+003
4.950000e+001 1.657324e+003
4.999990e+001 1.678491e+003
#timeout
