#data is loaded
#t(ns) mid_x(nm):
0.000000e+000 8.833008e-005
5.000000e-001 2.702868e+000
1.000000e+000 9.393753e+000
1.500000e+000 1.909856e+001
2.000000e+000 3.113595e+001
2.500000e+000 4.509364e+001
3.000000e+000 6.044735e+001
3.500000e+000 7.703352e+001
4.000000e+000 9.447287e+001
4.500000e+000 1.126633e+002
5.000000e+000 1.315094e+002
5.500000e+000 1.508752e+002
6.000000e+000 1.706685e+002
6.500000e+000 1.908218e+002
7.000000e+000 2.112836e+002
7.500000e+000 2.320164e+002
8.000000e+000 2.529952e+002
8.500000e+000 2.741872e+002
9.000000e+000 2.955246e+002
9.500000e+000 3.169872e+002
1.000000e+001 3.385703e+002
1.050000e+001 3.602819e+002
1.100000e+001 3.821424e+002
1.150000e+001 4.041178e+002
1.200000e+001 4.261174e+002
1.250000e+001 4.481691e+002
1.300000e+001 4.703140e+002
1.350000e+001 4.925891e+002
1.400000e+001 5.148700e+002
1.450000e+001 5.371558e+002
1.500000e+001 5.595067e+002
1.550000e+001 5.819778e+002
1.600000e+001 6.044353e+002
1.650000e+001 6.268804e+002
1.700000e+001 6.493894e+002
1.750000e+001 6.720031e+002
1.800000e+001 6.945666e+002
1.850000e+001 7.171271e+002
1.900000e+001 7.397740e+002
1.950000e+001 7.624704e+002
2.000000e+001 7.851025e+002
2.050000e+001 8.077631e+002
2.100000e+001 8.305315e+002
2.150000e+001 8.532500e+002
2.200000e+001 8.759422e+002
2.250000e+001 8.987123e+002
2.300000e+001 9.215254e+002
2.350000e+001 9.442628e+002
2.400000e+001 9.670303e+002
2.450000e+001 9.898975e+002
2.500000e+001 1.012691e+003
2.550000e+001 1.035469e+003
2.600000e+001 1.058344e+003
2.650000e+001 1.081202e+003
2.700000e+001 1.104001e+003
2.750000e+001 1.126858e+003
2.800000e+001 1.149777e+003
2.850000e+001 1.172606e+003
2.900000e+001 1.195454e+003
2.950000e+001 1.218402e+003
3.000000e+001 1.241268e+003
3.050000e+001 1.264117e+003
3.100000e+001 1.287066e+003
3.150000e+001 1.309976e+003
3.200000e+001 1.332833e+003
3.250000e+001 1.355762e+003
3.300000e+001 1.378720e+003
3.350000e+001 1.401592e+003
3.400000e+001 1.424502e+003
3.450000e+001 1.447492e+003
3.500000e+001 1.470385e+003
3.550000e+001 1.493285e+003
3.600000e+001 1.516285e+003
3.650000e+001 1.539206e+003
3.700000e+001 1.562101e+003
3.750000e+001 1.585095e+003
3.800000e+001 1.608048e+003
3.850000e+001 1.630945e+003
3.900000e+001 1.653917e+003
3.950000e+001 1.676907e+003
4.000000e+001 1.699812e+003
4.050000e+001 1.722762e+003
4.100000e+001 1.745779e+003
4.150000e+001 1.768697e+003
4.200000e+001 1.791632e+003
4.250000e+001 1.814660e+003
4.300000e+001 1.837597e+003
4.350000e+001 1.860521e+003
4.400000e+001 1.883548e+003
4.450000e+001 1.906508e+003
4.500000e+001 1.929428e+003
4.550000e+001 1.952439e+003
4.600000e+001 1.975427e+003
4.650000e+001 1.998348e+003
4.700000e+001 2.021334e+003
4.750000e+001 2.044352e+003
4.800000e+001 2.067279e+003
4.850000e+001 2.090244e+003
4.900000e+001 2.113281e+003
4.950000e+001 2.136218e+003
4.999990e+001 2.159163e+003
#timeout
