#data is loaded
#t(ns) mid_x(nm):
0.000000e+000 1.104126e-004
5.000000e-001 3.383618e+000
1.000000e+000 1.164248e+001
1.500000e+000 2.359206e+001
2.000000e+000 3.839163e+001
2.500000e+000 5.525590e+001
3.000000e+000 7.370373e+001
3.500000e+000 9.343357e+001
4.000000e+000 1.141527e+002
4.500000e+000 1.356385e+002
5.000000e+000 1.576665e+002
5.500000e+000 1.801179e+002
6.000000e+000 2.029698e+002
6.500000e+000 2.261406e+002
7.000000e+000 2.494007e+002
7.500000e+000 2.728528e+002
8.000000e+000 2.964126e+002
8.500000e+000 3.198997e+002
9.000000e+000 3.434725e+002
9.500000e+000 3.669094e+002
1.000000e+001 3.901803e+002
1.050000e+001 4.133827e+002
1.100000e+001 4.362671e+002
1.150000e+001 4.588069e+002
1.200000e+001 4.810075e+002
1.250000e+001 5.027636e+002
1.300000e+001 5.238678e+002
1.350000e+001 5.442034e+002
1.400000e+001 5.635954e+002
1.450000e+001 5.817724e+002
1.500000e+001 5.983954e+002
1.550000e+001 6.131985e+002
1.600000e+001 6.253812e+002
1.650000e+001 6.343287e+002
1.700000e+001 6.389357e+002
1.750000e+001 6.381843e+002
1.800000e+001 6.309262e+002
1.850000e+001 6.166149e+002
1.900000e+001 5.965730e+002
1.950000e+001 5.743832e+002
2.000000e+001 5.547138e+002
2.050000e+001 5.411197e+002
2.100000e+001 5.348787e+002
2.150000e+001 5.353155e+002
2.200000e+001 5.412250e+002
2.250000e+001 5.514219e+002
2.300000e+001 5.648590e+002
2.350000e+001 5.806782e+002
2.400000e+001 5.983739e+002
2.450000e+001 6.175164e+002
2.500000e+001 6.377468e+002
2.550000e+001 6.588314e+002
2.600000e+001 6.806245e+002
2.650000e+001 7.029310e+002
2.700000e+001 7.255711e+002
2.750000e+001 7.485349e+002
2.800000e+001 7.718232e+002
2.850000e+001 7.951655e+002
2.900000e+001 8.186362e+002
2.950000e+001 8.422344e+002
3.000000e+001 8.657164e+002
3.050000e+001 8.892339e+002
3.100000e+001 9.126448e+002
3.150000e+001 9.358277e+002
3.200000e+001 9.588947e+002
3.250000e+001 9.816722e+002
3.300000e+001 1.004035e+003
3.350000e+001 1.025979e+003
3.400000e+001 1.047419e+003
3.450000e+001 1.068193e+003
3.500000e+001 1.088096e+003
3.550000e+001 1.106904e+003
3.600000e+001 1.124397e+003
3.650000e+001 1.140250e+003
3.700000e+001 1.153771e+003
3.750000e+001 1.164477e+003
3.800000e+001 1.171512e+003
3.850000e+001 1.173645e+003
3.900000e+001 1.169876e+003
3.950000e+001 1.159137e+003
4.000000e+001 1.141710e+003
4.050000e+001 1.120048e+003
4.100000e+001 1.098486e+003
4.150000e+001 1.081508e+003
4.200000e+001 1.071497e+003
4.250000e+001 1.068632e+003
4.300000e+001 1.071920e+003
4.350000e+001 1.080093e+003
4.400000e+001 1.091952e+003
4.450000e+001 1.106604e+003
4.500000e+001 1.123443e+003
4.550000e+001 1.141922e+003
4.600000e+001 1.161633e+003
4.650000e+001 1.182297e+003
4.700000e+001 1.203707e+003
4.750000e+001 1.225731e+003
4.800000e+001 1.248278e+003
4.850000e+001 1.271098e+003
4.900000e+001 1.294165e+003
4.950000e+001 1.317538e+003
4.999990e+001 1.340951e+003
#timeout
