#data is loaded
#t(ns) mid_x(nm):
0.000000e+000 7.360840e-005
5.000000e-001 2.250551e+000
1.000000e+000 7.872469e+000
1.500000e+000 1.601631e+001
2.000000e+000 2.620342e+001
2.500000e+000 3.799432e+001
3.000000e+000 5.101922e+001
3.500000e+000 6.516093e+001
4.000000e+000 8.006855e+001
4.500000e+000 9.572352e+001
5.000000e+000 1.118344e+002
5.500000e+000 1.285174e+002
6.000000e+000 1.455634e+002
6.500000e+000 1.628569e+002
7.000000e+000 1.804829e+002
7.500000e+000 1.983752e+002
8.000000e+000 2.164597e+002
8.500000e+000 2.346870e+002
9.000000e+000 2.530251e+002
9.500000e+000 2.715046e+002
1.000000e+001 2.901193e+002
1.050000e+001 3.088411e+002
1.100000e+001 3.276488e+002
1.150000e+001 3.465261e+002
1.200000e+001 3.654600e+002
1.250000e+001 3.844402e+002
1.300000e+001 4.034581e+002
1.350000e+001 4.225069e+002
1.400000e+001 4.415859e+002
1.450000e+001 4.607071e+002
1.500000e+001 4.798654e+002
1.550000e+001 4.990547e+002
1.600000e+001 5.182703e+002
1.650000e+001 5.375079e+002
1.700000e+001 5.567639e+002
1.750000e+001 5.760351e+002
1.800000e+001 5.953189e+002
1.850000e+001 6.146128e+002
1.900000e+001 6.339147e+002
1.950000e+001 6.532227e+002
2.000000e+001 6.725351e+002
2.050000e+001 6.918503e+002
2.100000e+001 7.111671e+002
2.150000e+001 7.304840e+002
2.200000e+001 7.498012e+002
2.250000e+001 7.691270e+002
2.300000e+001 7.884616e+002
2.350000e+001 8.078039e+002
2.400000e+001 8.271529e+002
2.450000e+001 8.465075e+002
2.500000e+001 8.658667e+002
2.550000e+001 8.852297e+002
2.600000e+001 9.045957e+002
2.650000e+001 9.239638e+002
2.700000e+001 9.433333e+002
2.750000e+001 9.627035e+002
2.800000e+001 9.820736e+002
2.850000e+001 1.001443e+003
2.900000e+001 1.020811e+003
2.950000e+001 1.040177e+003
3.000000e+001 1.059541e+003
3.050000e+001 1.078901e+003
3.100000e+001 1.098257e+003
3.150000e+001 1.117609e+003
3.200000e+001 1.136961e+003
3.250000e+001 1.156319e+003
3.300000e+001 1.175682e+003
3.350000e+001 1.195049e+003
3.400000e+001 1.214419e+003
3.450000e+001 1.233792e+003
3.500000e+001 1.253167e+003
3.550000e+001 1.272544e+003
3.600000e+001 1.291922e+003
3.650000e+001 1.311301e+003
3.700000e+001 1.330680e+003
3.750000e+001 1.350058e+003
3.800000e+001 1.369435e+003
3.850000e+001 1.388810e+003
3.900000e+001 1.408184e+003
3.950000e+001 1.427555e+003
4.000000e+001 1.446922e+003
4.050000e+001 1.466286e+003
4.100000e+001 1.485645e+003
4.150000e+001 1.504999e+003
4.200000e+001 1.524355e+003
4.250000e+001 1.543716e+003
4.300000e+001 1.563082e+003
4.350000e+001 1.582450e+003
4.400000e+001 1.601822e+003
4.450000e+001 1.621197e+003
4.500000e+001 1.640574e+003
4.550000e+001 1.659952e+003
4.600000e+001 1.679331e+003
4.650000e+001 1.698711e+003
4.700000e+001 1.718090e+003
4.750000e+001 1.737469e+003
4.800000e+001 1.756847e+003
4.850000e+001 1.776223e+003
4.900000e+001 1.795596e+003
4.950000e+001 1.814967e+003
4.999990e+001 1.834331e+003
#timeout
