#data is loaded
#t(ns) mid_x(nm):
0.000000e+000 8.096924e-005
5.000000e-001 2.476573e+000
1.000000e+000 8.636417e+000
1.500000e+000 1.757572e+001
2.000000e+000 2.870031e+001
2.500000e+000 4.152704e+001
3.000000e+000 5.583025e+001
3.500000e+000 7.112328e+001
4.000000e+000 8.741247e+001
4.500000e+000 1.043406e+002
5.000000e+000 1.218586e+002
5.500000e+000 1.399251e+002
6.000000e+000 1.584112e+002
6.500000e+000 1.772381e+002
7.000000e+000 1.963525e+002
7.500000e+000 2.157149e+002
8.000000e+000 2.352930e+002
8.500000e+000 2.550594e+002
9.000000e+000 2.749899e+002
9.500000e+000 2.950630e+002
1.000000e+001 3.152599e+002
1.050000e+001 3.355641e+002
1.100000e+001 3.559617e+002
1.150000e+001 3.764408e+002
1.200000e+001 3.969921e+002
1.250000e+001 4.176082e+002
1.300000e+001 4.382838e+002
1.350000e+001 4.590154e+002
1.400000e+001 4.798013e+002
1.450000e+001 5.006411e+002
1.500000e+001 5.215364e+002
1.550000e+001 5.424673e+002
1.600000e+001 5.634101e+002
1.650000e+001 5.843656e+002
1.700000e+001 6.053360e+002
1.750000e+001 6.263245e+002
1.800000e+001 6.473354e+002
1.850000e+001 6.683738e+002
1.900000e+001 6.894458e+002
1.950000e+001 7.105572e+002
2.000000e+001 7.316725e+002
2.050000e+001 7.527768e+002
2.100000e+001 7.738764e+002
2.150000e+001 7.949787e+002
2.200000e+001 8.160913e+002
2.250000e+001 8.372223e+002
2.300000e+001 8.583804e+002
2.350000e+001 8.795718e+002
2.400000e+001 9.007548e+002
2.450000e+001 9.219188e+002
2.500000e+001 9.430726e+002
2.550000e+001 9.642255e+002
2.600000e+001 9.853868e+002
2.650000e+001 1.006566e+003
2.700000e+001 1.027773e+003
2.750000e+001 1.049001e+003
2.800000e+001 1.070205e+003
2.850000e+001 1.091390e+003
2.900000e+001 1.112566e+003
2.950000e+001 1.133743e+003
3.000000e+001 1.154931e+003
3.050000e+001 1.176141e+003
3.100000e+001 1.197382e+003
3.150000e+001 1.218613e+003
3.200000e+001 1.239818e+003
3.250000e+001 1.261009e+003
3.300000e+001 1.282195e+003
3.350000e+001 1.303387e+003
3.400000e+001 1.324596e+003
3.450000e+001 1.345832e+003
3.500000e+001 1.367081e+003
3.550000e+001 1.388303e+003
3.600000e+001 1.409504e+003
3.650000e+001 1.430696e+003
3.700000e+001 1.451889e+003
3.750000e+001 1.473095e+003
3.800000e+001 1.494323e+003
3.850000e+001 1.515579e+003
3.900000e+001 1.536814e+003
3.950000e+001 1.558024e+003
4.000000e+001 1.579221e+003
4.050000e+001 1.600416e+003
4.100000e+001 1.621618e+003
4.150000e+001 1.642839e+003
4.200000e+001 1.664089e+003
4.250000e+001 1.685337e+003
4.300000e+001 1.706557e+003
4.350000e+001 1.727759e+003
4.400000e+001 1.748954e+003
4.450000e+001 1.770154e+003
4.500000e+001 1.791367e+003
4.550000e+001 1.812607e+003
4.600000e+001 1.833865e+003
4.650000e+001 1.855094e+003
4.700000e+001 1.876302e+003
4.750000e+001 1.897499e+003
4.800000e+001 1.918697e+003
4.850000e+001 1.939904e+003
4.900000e+001 1.961134e+003
4.950000e+001 1.982392e+003
4.999990e+001 2.003628e+003
#timeout
