#data is loaded
#t(ns) mid_x(nm):
0.000000e+000 1.472168e-004
5.000000e-001 4.525734e+000
1.000000e+000 1.539822e+001
1.500000e+000 3.079793e+001
2.000000e+000 4.948379e+001
2.500000e+000 7.035584e+001
3.000000e+000 9.269876e+001
3.500000e+000 1.160192e+002
4.000000e+000 1.396416e+002
4.500000e+000 1.632940e+002
5.000000e+000 1.865921e+002
5.500000e+000 2.089474e+002
6.000000e+000 2.299653e+002
6.500000e+000 2.490298e+002
7.000000e+000 2.653263e+002
7.500000e+000 2.776553e+002
8.000000e+000 2.847354e+002
8.500000e+000 2.848223e+002
9.000000e+000 2.764980e+002
9.500000e+000 2.598126e+002
1.000000e+001 2.382178e+002
1.050000e+001 2.178543e+002
1.100000e+001 2.043700e+002
1.150000e+001 1.998593e+002
1.200000e+001 2.036866e+002
1.250000e+001 2.139962e+002
1.300000e+001 2.290160e+002
1.350000e+001 2.474347e+002
1.400000e+001 2.681259e+002
1.450000e+001 2.903347e+002
1.500000e+001 3.135724e+002
1.550000e+001 3.372097e+002
1.600000e+001 3.608439e+002
1.650000e+001 3.842198e+002
1.700000e+001 4.066976e+002
1.750000e+001 4.278715e+002
1.800000e+001 4.471648e+002
1.850000e+001 4.637733e+002
1.900000e+001 4.765448e+002
1.950000e+001 4.842313e+002
2.000000e+001 4.850804e+002
2.050000e+001 4.775918e+002
2.100000e+001 4.617104e+002
2.150000e+001 4.403049e+002
2.200000e+001 4.195137e+002
2.250000e+001 4.052407e+002
2.300000e+001 3.998082e+002
2.350000e+001 4.029129e+002
2.400000e+001 4.126423e+002
2.450000e+001 4.272671e+002
2.500000e+001 4.454058e+002
2.550000e+001 4.659104e+002
2.600000e+001 4.879910e+002
2.650000e+001 5.111114e+002
2.700000e+001 5.347746e+002
2.750000e+001 5.584088e+002
2.800000e+001 5.818224e+002
2.850000e+001 6.044324e+002
2.900000e+001 6.257612e+002
2.950000e+001 6.452738e+002
3.000000e+001 6.621818e+002
3.050000e+001 6.753843e+002
3.100000e+001 6.836523e+002
3.150000e+001 6.852360e+002
3.200000e+001 6.786197e+002
3.250000e+001 6.635740e+002
3.300000e+001 6.425056e+002
3.350000e+001 6.213307e+002
3.400000e+001 6.061592e+002
3.450000e+001 5.998595e+002
3.500000e+001 6.022014e+002
3.550000e+001 6.113381e+002
3.600000e+001 6.255518e+002
3.650000e+001 6.433966e+002
3.700000e+001 6.637068e+002
3.750000e+001 6.856628e+002
3.800000e+001 7.086722e+002
3.850000e+001 7.323301e+002
3.900000e+001 7.559826e+002
3.950000e+001 7.793989e+002
4.000000e+001 8.021479e+002
4.050000e+001 8.236326e+002
4.100000e+001 8.433564e+002
4.150000e+001 8.605526e+002
4.200000e+001 8.741754e+002
4.250000e+001 8.830037e+002
4.300000e+001 8.853080e+002
4.350000e+001 8.796343e+002
4.400000e+001 8.652825e+002
4.450000e+001 8.445988e+002
4.500000e+001 8.231758e+002
4.550000e+001 8.071717e+002
4.600000e+001 8.000286e+002
4.650000e+001 8.015528e+002
4.700000e+001 8.100853e+002
4.750000e+001 8.238712e+002
4.800000e+001 8.414067e+002
4.850000e+001 8.615126e+002
4.900000e+001 8.833456e+002
4.950000e+001 9.062568e+002
4.999990e+001 9.298651e+002
#timeout
