#data is loaded
#t(ns) mid_x(nm):
0.000000e+000 1.840210e-004
5.000000e-001 5.669455e+000
1.000000e+000 1.896499e+001
1.500000e+000 3.746230e+001
2.000000e+000 5.913312e+001
2.500000e+000 8.248496e+001
3.000000e+000 1.064218e+002
3.500000e+000 1.295941e+002
4.000000e+000 1.509717e+002
4.500000e+000 1.692145e+002
5.000000e+000 1.824974e+002
5.500000e+000 1.887781e+002
6.000000e+000 1.857448e+002
6.500000e+000 1.723023e+002
7.000000e+000 1.515814e+002
7.500000e+000 1.312038e+002
8.000000e+000 1.188797e+002
8.500000e+000 1.173550e+002
9.000000e+000 1.253186e+002
9.500000e+000 1.401871e+002
1.000000e+001 1.597078e+002
1.050000e+001 1.819720e+002
1.100000e+001 2.056770e+002
1.150000e+001 2.294252e+002
1.200000e+001 2.522634e+002
1.250000e+001 2.729763e+002
1.300000e+001 2.900381e+002
1.350000e+001 3.016775e+002
1.400000e+001 3.056984e+002
1.450000e+001 2.997809e+002
1.500000e+001 2.839777e+002
1.550000e+001 2.624208e+002
1.600000e+001 2.436288e+002
1.650000e+001 2.341323e+002
1.700000e+001 2.353781e+002
1.750000e+001 2.454660e+002
1.800000e+001 2.617598e+002
1.850000e+001 2.821854e+002
1.900000e+001 3.050194e+002
1.950000e+001 3.287581e+002
2.000000e+001 3.524218e+002
2.050000e+001 3.748625e+002
2.100000e+001 3.947435e+002
2.150000e+001 4.104931e+002
2.200000e+001 4.202995e+002
2.250000e+001 4.218166e+002
2.300000e+001 4.131914e+002
2.350000e+001 3.951688e+002
2.400000e+001 3.735025e+002
2.450000e+001 3.567300e+002
2.500000e+001 3.501141e+002
2.550000e+001 3.540339e+002
2.600000e+001 3.660474e+002
2.650000e+001 3.836952e+002
2.700000e+001 4.049006e+002
2.750000e+001 4.280195e+002
2.800000e+001 4.518935e+002
2.850000e+001 4.753547e+002
2.900000e+001 4.971725e+002
2.950000e+001 5.161479e+002
3.000000e+001 5.305303e+002
3.050000e+001 5.383306e+002
3.100000e+001 5.372364e+002
3.150000e+001 5.258269e+002
3.200000e+001 5.060462e+002
3.250000e+001 4.849162e+002
3.300000e+001 4.705449e+002
3.350000e+001 4.669435e+002
3.400000e+001 4.732825e+002
3.450000e+001 4.870116e+002
3.500000e+001 5.058107e+002
3.550000e+001 5.276443e+002
3.600000e+001 5.511262e+002
3.650000e+001 5.750116e+002
3.700000e+001 5.980815e+002
3.750000e+001 6.192942e+002
3.800000e+001 6.372211e+002
3.850000e+001 6.500906e+002
3.900000e+001 6.557403e+002
3.950000e+001 6.519403e+002
4.000000e+001 6.377940e+002
4.050000e+001 6.168105e+002
4.100000e+001 5.968066e+002
4.150000e+001 5.852480e+002
4.200000e+001 5.844923e+002
4.250000e+001 5.930705e+002
4.300000e+001 6.083345e+002
4.350000e+001 6.281123e+002
4.400000e+001 6.505698e+002
4.450000e+001 6.742836e+002
4.500000e+001 6.979943e+002
4.550000e+001 7.207789e+002
4.600000e+001 7.412711e+002
4.650000e+001 7.579550e+002
4.700000e+001 7.691184e+002
4.750000e+001 7.724679e+002
4.800000e+001 7.657870e+002
4.850000e+001 7.492865e+002
4.900000e+001 7.276588e+002
4.950000e+001 7.093691e+002
4.999990e+001 7.007039e+002
#timeout
