#data is loaded
#t(ns) mid_x(nm):
0.000000e+000 2.208252e-004
5.000000e-001 6.778941e+000
1.000000e+000 2.229785e+001
1.500000e+000 4.329212e+001
2.000000e+000 6.694487e+001
2.500000e+000 9.074327e+001
3.000000e+000 1.126841e+002
3.500000e+000 1.303665e+002
4.000000e+000 1.409159e+002
4.500000e+000 1.412504e+002
5.000000e+000 1.296103e+002
5.500000e+000 1.092091e+002
6.000000e+000 8.978480e+001
6.500000e+000 8.059576e+001
7.000000e+000 8.392773e+001
7.500000e+000 9.723467e+001
8.000000e+000 1.169005e+002
8.500000e+000 1.399071e+002
9.000000e+000 1.639275e+002
9.500000e+000 1.867326e+002
1.000000e+001 2.059970e+002
1.050000e+001 2.190202e+002
1.100000e+001 2.227848e+002
1.150000e+001 2.148250e+002
1.200000e+001 1.963046e+002
1.250000e+001 1.753732e+002
1.300000e+001 1.624078e+002
1.350000e+001 1.620441e+002
1.400000e+001 1.726454e+002
1.450000e+001 1.906964e+002
1.500000e+001 2.130044e+002
1.550000e+001 2.369974e+002
1.600000e+001 2.603220e+002
1.650000e+001 2.809160e+002
1.700000e+001 2.962667e+002
1.750000e+001 3.032031e+002
1.800000e+001 2.989062e+002
1.850000e+001 2.830812e+002
1.900000e+001 2.616669e+002
1.950000e+001 2.455223e+002
2.000000e+001 2.412186e+002
2.050000e+001 2.488321e+002
2.100000e+001 2.650120e+002
2.150000e+001 2.863034e+002
2.200000e+001 3.099332e+002
2.250000e+001 3.337755e+002
2.300000e+001 3.554841e+002
2.350000e+001 3.726657e+002
2.400000e+001 3.825140e+002
2.450000e+001 3.818959e+002
2.500000e+001 3.693016e+002
2.550000e+001 3.485657e+002
2.600000e+001 3.296924e+002
2.650000e+001 3.215288e+002
2.700000e+001 3.258392e+002
2.750000e+001 3.396819e+002
2.800000e+001 3.597178e+002
2.850000e+001 3.829794e+002
2.900000e+001 4.069570e+002
2.950000e+001 4.294940e+002
3.000000e+001 4.483737e+002
3.050000e+001 4.608087e+002
3.100000e+001 4.637772e+002
3.150000e+001 4.547896e+002
3.200000e+001 4.356769e+002
3.250000e+001 4.150524e+002
3.300000e+001 4.030822e+002
3.350000e+001 4.037179e+002
3.400000e+001 4.150467e+002
3.450000e+001 4.335487e+002
3.500000e+001 4.560517e+002
3.550000e+001 4.799843e+002
3.600000e+001 5.032964e+002
3.650000e+001 5.235707e+002
3.700000e+001 5.382350e+002
3.750000e+001 5.444532e+002
3.800000e+001 5.391322e+002
3.850000e+001 5.225898e+002
3.900000e+001 5.011767e+002
3.950000e+001 4.858099e+002
4.000000e+001 4.826022e+002
4.050000e+001 4.909684e+002
4.100000e+001 5.076424e+002
4.150000e+001 5.292064e+002
4.200000e+001 5.530534e+002
4.250000e+001 5.767089e+002
4.300000e+001 5.981199e+002
4.350000e+001 6.149062e+002
4.400000e+001 6.240419e+002
4.450000e+001 6.224993e+002
4.500000e+001 6.089495e+002
4.550000e+001 5.879388e+002
4.600000e+001 5.696923e+002
4.650000e+001 5.626130e+002
4.700000e+001 5.677151e+002
4.750000e+001 5.822845e+002
4.800000e+001 6.026837e+002
4.850000e+001 6.260086e+002
4.900000e+001 6.499416e+002
4.950000e+001 6.723698e+002
4.999990e+001 6.908032e+002
#timeout
