#data is loaded
#t(ns) mid_x(nm):
0.000000e+000 2.576294e-004
5.000000e-001 7.853769e+000
1.000000e+000 2.551430e+001
1.500000e+000 4.838245e+001
2.000000e+000 7.241294e+001
2.500000e+000 9.417184e+001
3.000000e+000 1.097778e+002
3.500000e+000 1.151467e+002
4.000000e+000 1.070087e+002
4.500000e+000 8.768364e+001
5.000000e+000 6.836764e+001
5.500000e+000 6.065358e+001
6.000000e+000 6.714357e+001
6.500000e+000 8.391523e+001
7.000000e+000 1.064634e+002
7.500000e+000 1.305358e+002
8.000000e+000 1.526978e+002
8.500000e+000 1.692099e+002
9.000000e+000 1.759271e+002
9.500000e+000 1.692694e+002
1.000000e+001 1.507570e+002
1.050000e+001 1.307616e+002
1.100000e+001 1.214904e+002
1.150000e+001 1.265598e+002
1.200000e+001 1.424029e+002
1.250000e+001 1.645342e+002
1.300000e+001 1.886494e+002
1.350000e+001 2.111744e+002
1.400000e+001 2.285238e+002
1.450000e+001 2.365227e+002
1.500000e+001 2.313859e+002
1.550000e+001 2.139055e+002
1.600000e+001 1.933596e+002
1.650000e+001 1.825265e+002
1.700000e+001 1.861101e+002
1.750000e+001 2.009829e+002
1.800000e+001 2.226040e+002
1.850000e+001 2.467428e+002
1.900000e+001 2.696032e+002
1.950000e+001 2.877251e+002
2.000000e+001 2.969482e+002
2.050000e+001 2.934177e+002
2.100000e+001 2.769843e+002
2.150000e+001 2.561163e+002
2.200000e+001 2.437838e+002
2.250000e+001 2.458013e+002
2.300000e+001 2.596534e+002
2.350000e+001 2.807364e+002
2.400000e+001 3.048039e+002
2.450000e+001 3.279835e+002
2.500000e+001 3.468191e+002
2.550000e+001 3.572136e+002
2.600000e+001 3.552558e+002
2.650000e+001 3.399361e+002
2.700000e+001 3.188956e+002
2.750000e+001 3.052074e+002
2.800000e+001 3.056396e+002
2.850000e+001 3.184151e+002
2.900000e+001 3.389280e+002
2.950000e+001 3.628200e+002
3.000000e+001 3.863121e+002
3.050000e+001 4.058105e+002
3.100000e+001 4.173265e+002
3.150000e+001 4.168685e+002
3.200000e+001 4.029146e+002
3.250000e+001 3.818212e+002
3.300000e+001 3.667737e+002
3.350000e+001 3.656304e+002
3.400000e+001 3.772707e+002
3.450000e+001 3.971695e+002
3.500000e+001 4.208203e+002
3.550000e+001 4.445832e+002
3.600000e+001 4.647025e+002
3.650000e+001 4.772929e+002
3.700000e+001 4.783014e+002
3.750000e+001 4.657496e+002
3.800000e+001 4.448803e+002
3.850000e+001 4.285051e+002
3.900000e+001 4.257782e+002
3.950000e+001 4.362246e+002
4.000000e+001 4.554543e+002
4.050000e+001 4.788598e+002
4.100000e+001 5.027890e+002
4.150000e+001 5.234973e+002
4.200000e+001 5.371182e+002
4.250000e+001 5.395823e+002
4.300000e+001 5.284156e+002
4.350000e+001 5.078955e+002
4.400000e+001 4.904425e+002
4.450000e+001 4.860875e+002
4.500000e+001 4.952826e+002
4.550000e+001 5.137779e+002
4.600000e+001 5.369263e+002
4.650000e+001 5.609225e+002
4.700000e+001 5.821953e+002
4.750000e+001 5.968078e+002
4.800000e+001 6.007255e+002
4.850000e+001 5.910377e+002
4.900000e+001 5.710201e+002
4.950000e+001 5.526174e+002
4.999990e+001 5.465632e+002
#timeout
