#data is loaded
#t(ns) mid_x(nm):
0.000000e+000 2.944336e-004
5.000000e-001 8.897060e+000
1.000000e+000 2.843283e+001
1.500000e+000 5.237678e+001
2.000000e+000 7.541390e+001
2.500000e+000 9.197196e+001
3.000000e+000 9.681917e+001
3.500000e+000 8.630512e+001
4.000000e+000 6.581886e+001
4.500000e+000 5.057277e+001
5.000000e+000 5.089465e+001
5.500000e+000 6.523053e+001
6.000000e+000 8.743789e+001
6.500000e+000 1.115764e+002
7.000000e+000 1.324562e+002
7.500000e+000 1.446308e+002
8.000000e+000 1.427994e+002
8.500000e+000 1.266004e+002
9.000000e+000 1.064186e+002
9.500000e+000 9.750183e+001
1.000000e+001 1.045282e+002
1.050000e+001 1.230026e+002
1.100000e+001 1.468099e+002
1.150000e+001 1.701596e+002
1.200000e+001 1.879541e+002
1.250000e+001 1.945596e+002
1.300000e+001 1.860059e+002
1.350000e+001 1.660669e+002
1.400000e+001 1.492914e+002
1.450000e+001 1.475268e+002
1.500000e+001 1.602861e+002
1.550000e+001 1.817944e+002
1.600000e+001 2.061139e+002
1.650000e+001 2.277052e+002
1.700000e+001 2.412246e+002
1.750000e+001 2.414512e+002
1.800000e+001 2.267991e+002
1.850000e+001 2.061882e+002
1.900000e+001 1.952601e+002
1.950000e+001 2.003312e+002
2.000000e+001 2.177534e+002
2.050000e+001 2.410996e+002
2.100000e+001 2.649172e+002
2.150000e+001 2.836972e+002
2.200000e+001 2.919930e+002
2.250000e+001 2.854947e+002
2.300000e+001 2.663634e+002
2.350000e+001 2.482779e+002
2.400000e+001 2.443669e+002
2.450000e+001 2.555845e+002
2.500000e+001 2.763257e+002
2.550000e+001 3.004671e+002
2.600000e+001 3.227491e+002
2.650000e+001 3.376859e+002
2.700000e+001 3.398440e+002
2.750000e+001 3.268812e+002
2.800000e+001 3.061351e+002
2.850000e+001 2.932759e+002
2.900000e+001 2.964267e+002
2.950000e+001 3.125344e+002
3.000000e+001 3.355316e+002
3.050000e+001 3.594689e+002
3.100000e+001 3.792142e+002
3.150000e+001 3.892193e+002
3.200000e+001 3.847525e+002
3.250000e+001 3.666705e+002
3.300000e+001 3.475189e+002
3.350000e+001 3.414163e+002
3.400000e+001 3.509200e+002
3.450000e+001 3.707867e+002
3.500000e+001 3.949275e+002
3.550000e+001 4.176862e+002
3.600000e+001 4.339254e+002
3.650000e+001 4.379799e+002
3.700000e+001 4.268168e+002
3.750000e+001 4.062249e+002
3.800000e+001 3.915734e+002
3.850000e+001 3.926751e+002
3.900000e+001 4.074654e+002
3.950000e+001 4.298439e+002
4.000000e+001 4.540813e+002
4.050000e+001 4.746789e+002
4.100000e+001 4.862376e+002
4.150000e+001 4.837627e+002
4.200000e+001 4.669518e+002
4.250000e+001 4.469968e+002
4.300000e+001 4.387943e+002
4.350000e+001 4.465387e+002
4.400000e+001 4.654389e+002
4.450000e+001 4.892272e+002
4.500000e+001 5.125508e+002
4.550000e+001 5.298525e+002
4.600000e+001 5.358571e+002
4.650000e+001 5.265783e+002
4.700000e+001 5.064218e+002
4.750000e+001 4.901727e+002
4.800000e+001 4.891361e+002
4.850000e+001 5.025385e+002
4.900000e+001 5.243208e+002
4.950000e+001 5.484985e+002
4.999990e+001 5.698570e+002
#timeout
