#data is loaded
#t(ns) mid_x(nm):
0.000000e+000 3.312378e-004
5.000000e-001 9.911490e+000
1.000000e+000 3.102334e+001
1.500000e+000 5.538982e+001
2.000000e+000 7.549026e+001
2.500000e+000 8.407777e+001
3.000000e+000 7.604576e+001
3.500000e+000 5.604974e+001
4.000000e+000 4.174232e+001
4.500000e+000 4.492200e+001
5.000000e+000 6.240453e+001
5.500000e+000 8.641641e+001
6.000000e+000 1.090934e+002
6.500000e+000 1.232455e+002
7.000000e+000 1.222480e+002
7.500000e+000 1.055916e+002
8.000000e+000 8.670854e+001
8.500000e+000 8.234644e+001
9.000000e+000 9.491797e+001
9.500000e+000 1.172137e+002
1.000000e+001 1.412484e+002
1.050000e+001 1.598277e+002
1.100000e+001 1.657460e+002
1.150000e+001 1.547004e+002
1.200000e+001 1.342677e+002
1.250000e+001 1.227450e+002
1.300000e+001 1.290071e+002
1.350000e+001 1.482946e+002
1.400000e+001 1.725133e+002
1.450000e+001 1.942771e+002
1.500000e+001 2.061829e+002
1.550000e+001 2.019981e+002
1.600000e+001 1.835051e+002
1.650000e+001 1.663610e+002
1.700000e+001 1.653554e+002
1.750000e+001 1.801848e+002
1.800000e+001 2.033677e+002
1.850000e+001 2.270436e+002
1.900000e+001 2.438258e+002
1.950000e+001 2.467782e+002
2.000000e+001 2.329867e+002
2.050000e+001 2.128106e+002
2.100000e+001 2.044104e+002
2.150000e+001 2.135178e+002
2.200000e+001 2.343053e+002
2.250000e+001 2.586200e+002
2.300000e+001 2.790937e+002
2.350000e+001 2.884781e+002
2.400000e+001 2.812321e+002
2.450000e+001 2.614794e+002
2.500000e+001 2.465826e+002
2.550000e+001 2.487917e+002
2.600000e+001 2.658124e+002
2.650000e+001 2.895606e+002
2.700000e+001 3.125191e+002
2.750000e+001 3.273335e+002
2.800000e+001 3.272252e+002
2.850000e+001 3.110500e+002
2.900000e+001 2.917973e+002
2.950000e+001 2.866283e+002
3.000000e+001 2.984070e+002
3.050000e+001 3.203621e+002
3.100000e+001 3.446189e+002
3.150000e+001 3.636305e+002
3.200000e+001 3.702281e+002
3.250000e+001 3.600152e+002
3.300000e+001 3.396571e+002
3.350000e+001 3.273934e+002
3.400000e+001 3.327578e+002
3.450000e+001 3.515406e+002
3.500000e+001 3.757942e+002
3.550000e+001 3.977772e+002
3.600000e+001 4.103052e+002
3.650000e+001 4.071189e+002
3.700000e+001 3.890232e+002
3.750000e+001 3.712968e+002
3.800000e+001 3.693659e+002
3.850000e+001 3.836633e+002
3.900000e+001 4.065928e+002
3.950000e+001 4.303375e+002
4.000000e+001 4.476786e+002
4.050000e+001 4.514520e+002
4.100000e+001 4.384373e+002
4.150000e+001 4.181374e+002
4.200000e+001 4.088043e+002
4.250000e+001 4.171614e+002
4.300000e+001 4.375217e+002
4.350000e+001 4.618712e+002
4.400000e+001 4.827572e+002
4.450000e+001 4.928660e+002
4.500000e+001 4.864957e+002
4.550000e+001 4.670211e+002
4.600000e+001 4.513682e+002
4.650000e+001 4.527418e+002
4.700000e+001 4.691045e+002
4.750000e+001 4.928155e+002
4.800000e+001 5.159673e+002
4.850000e+001 5.313291e+002
4.900000e+001 5.321154e+002
4.950000e+001 5.166005e+002
4.999990e+001 4.970161e+002
#timeout
