#data is loaded
#t(ns) mid_x(nm):
0.000000e+000 3.680420e-004
5.000000e-001 1.089923e+001
1.000000e+000 3.334115e+001
1.500000e+000 5.717207e+001
2.000000e+000 7.254216e+001
2.500000e+000 7.134780e+001
3.000000e+000 5.369112e+001
3.500000e+000 3.720108e+001
4.000000e+000 3.867631e+001
4.500000e+000 5.653666e+001
5.000000e+000 8.081208e+001
5.500000e+000 1.016741e+002
6.000000e+000 1.098181e+002
6.500000e+000 9.950583e+001
7.000000e+000 7.944929e+001
7.500000e+000 7.076517e+001
8.000000e+000 8.128783e+001
8.500000e+000 1.036031e+002
9.000000e+000 1.274959e+002
9.500000e+000 1.431830e+002
1.000000e+001 1.424135e+002
1.050000e+001 1.250536e+002
1.100000e+001 1.082172e+002
1.150000e+001 1.092300e+002
1.200000e+001 1.268323e+002
1.250000e+001 1.510656e+002
1.300000e+001 1.721239e+002
1.350000e+001 1.806366e+002
1.400000e+001 1.707244e+002
1.450000e+001 1.506552e+002
1.500000e+001 1.415493e+002
1.550000e+001 1.516886e+002
1.600000e+001 1.738755e+002
1.650000e+001 1.978107e+002
1.700000e+001 2.138364e+002
1.750000e+001 2.135064e+002
1.800000e+001 1.963771e+002
1.850000e+001 1.792337e+002
1.900000e+001 1.797926e+002
1.950000e+001 1.971255e+002
2.000000e+001 2.213223e+002
2.050000e+001 2.425795e+002
2.100000e+001 2.514593e+002
2.150000e+001 2.419616e+002
2.200000e+001 2.218886e+002
2.250000e+001 2.123612e+002
2.300000e+001 2.221047e+002
2.350000e+001 2.441483e+002
2.400000e+001 2.681187e+002
2.450000e+001 2.844711e+002
2.500000e+001 2.845941e+002
2.550000e+001 2.676673e+002
2.600000e+001 2.502646e+002
2.650000e+001 2.503688e+002
2.700000e+001 2.674185e+002
2.750000e+001 2.915840e+002
2.800000e+001 3.130440e+002
2.850000e+001 3.222962e+002
2.900000e+001 3.132382e+002
2.950000e+001 2.931711e+002
3.000000e+001 2.832102e+002
3.050000e+001 2.925392e+002
3.100000e+001 3.144125e+002
3.150000e+001 3.384224e+002
3.200000e+001 3.550769e+002
3.250000e+001 3.556335e+002
3.300000e+001 3.389488e+002
3.350000e+001 3.213249e+002
3.400000e+001 3.209640e+002
3.450000e+001 3.377130e+002
3.500000e+001 3.618523e+002
3.550000e+001 3.834982e+002
3.600000e+001 3.931447e+002
3.650000e+001 3.844911e+002
3.700000e+001 3.644542e+002
3.750000e+001 3.540673e+002
3.800000e+001 3.629927e+002
3.850000e+001 3.846698e+002
3.900000e+001 4.087239e+002
3.950000e+001 4.256599e+002
4.000000e+001 4.266410e+002
4.050000e+001 4.102465e+002
4.100000e+001 3.924302e+002
4.150000e+001 3.915835e+002
4.200000e+001 4.080114e+002
4.250000e+001 4.321291e+002
4.300000e+001 4.539309e+002
4.350000e+001 4.639573e+002
4.400000e+001 4.556973e+002
4.450000e+001 4.357025e+002
4.500000e+001 4.249099e+002
4.550000e+001 4.334433e+002
4.600000e+001 4.549220e+002
4.650000e+001 4.790256e+002
4.700000e+001 4.962261e+002
4.750000e+001 4.976325e+002
4.800000e+001 4.815854e+002
4.850000e+001 4.635452e+002
4.900000e+001 4.622318e+002
4.950000e+001 4.783156e+002
4.999990e+001 5.024003e+002
#timeout
