0.000000e+000 7.360848e+000
5.000000e-001 7.985926e+001
1.000000e+000 1.385834e+002
1.500000e+000 1.867667e+002
2.000000e+000 2.273947e+002
2.500000e+000 2.631975e+002
3.000000e+000 2.931870e+002
3.500000e+000 3.067643e+002
4.000000e+000 3.182747e+002
4.500000e+000 3.296637e+002
5.000000e+000 3.424979e+002
5.500000e+000 3.580427e+002
6.000000e+000 3.728051e+002
6.500000e+000 3.679592e+002
7.000000e+000 3.669995e+002
7.500000e+000 3.705359e+002
8.000000e+000 3.790746e+002
8.500000e+000 3.930666e+002
9.000000e+000 3.864057e+002
9.500000e+000 3.805300e+002
1.000000e+001 3.803769e+002
1.050000e+001 3.861147e+002
1.100000e+001 3.979448e+002
1.150000e+001 3.934203e+002
1.200000e+001 3.855170e+002
1.250000e+001 3.837894e+002
1.300000e+001 3.882745e+002
1.350000e+001 3.990777e+002
1.400000e+001 3.963881e+002
1.450000e+001 3.875057e+002
1.500000e+001 3.849633e+002
1.550000e+001 3.887474e+002
1.600000e+001 3.989254e+002
1.650000e+001 3.979518e+002
1.700000e+001 3.884612e+002
1.750000e+001 3.853720e+002
1.800000e+001 3.886491e+002
1.850000e+001 3.983431e+002
1.900000e+001 3.990416e+002
1.950000e+001 3.890726e+002
2.000000e+001 3.855303e+002
2.050000e+001 3.883685e+002
2.100000e+001 3.976283e+002
2.150000e+001 3.999830e+002
2.200000e+001 3.895806e+002
2.250000e+001 3.856179e+002
2.300000e+001 3.880411e+002
2.350000e+001 3.968842e+002
2.400000e+001 4.008895e+002
2.450000e+001 3.900692e+002
2.500000e+001 3.856973e+002
2.550000e+001 3.877138e+002
2.600000e+001 3.961469e+002
2.650000e+001 4.018010e+002
2.700000e+001 3.905676e+002
2.750000e+001 3.857903e+002
2.800000e+001 3.874032e+002
2.850000e+001 3.954287e+002
2.900000e+001 4.027312e+002
2.950000e+001 3.910862e+002
3.000000e+001 3.859045e+002
3.050000e+001 3.871149e+002
3.100000e+001 3.947340e+002
3.150000e+001 4.036850e+002
3.200000e+001 3.916284e+002
3.250000e+001 3.860426e+002
3.300000e+001 3.868509e+002
3.350000e+001 3.940643e+002
3.400000e+001 4.046642e+002
3.450000e+001 3.921955e+002
3.500000e+001 3.862055e+002
3.550000e+001 3.866118e+002
3.600000e+001 3.934200e+002
3.650000e+001 4.056694e+002
3.700000e+001 3.927880e+002
3.750000e+001 3.863935e+002
3.800000e+001 3.863979e+002
3.850000e+001 3.928013e+002
3.900000e+001 4.056919e+002
3.950000e+001 3.934060e+002
4.000000e+001 3.866067e+002
4.050000e+001 3.862093e+002
4.100000e+001 3.922081e+002
4.150000e+001 4.046860e+002
4.200000e+001 3.940497e+002
4.250000e+001 3.868452e+002
4.300000e+001 3.860457e+002
4.350000e+001 3.916404e+002
4.400000e+001 4.037062e+002
4.450000e+001 3.947189e+002
4.500000e+001 3.871088e+002
4.550000e+001 3.859073e+002
4.600000e+001 3.910980e+002
4.650000e+001 4.027523e+002
4.700000e+001 3.954137e+002
4.750000e+001 3.873974e+002
4.800000e+001 3.857937e+002
4.850000e+001 3.905805e+002
4.900000e+001 4.018238e+002
4.950000e+001 3.961338e+002
5.000000e+001 3.877108e+002
5.050000e+001 3.857046e+002
5.100000e+001 3.900876e+002
5.150000e+001 4.009202e+002
5.200000e+001 3.968788e+002
5.250000e+001 3.880484e+002
5.300000e+001 3.856393e+002
5.350000e+001 3.896183e+002
5.400000e+001 4.000402e+002
5.450000e+001 3.976481e+002
5.500000e+001 3.884093e+002
5.550000e+001 3.855965e+002
5.600000e+001 3.891709e+002
5.650000e+001 3.991817e+002
5.700000e+001 3.984404e+002
5.750000e+001 3.887917e+002
5.800000e+001 3.855739e+002
5.850000e+001 3.887425e+002
5.900000e+001 3.983408e+002
5.950000e+001 3.992531e+002
6.000000e+001 3.891924e+002
6.050000e+001 3.855674e+002
6.100000e+001 3.883275e+002
6.150000e+001 3.975103e+002
6.200000e+001 4.000816e+002
6.250000e+001 3.896054e+002
6.300000e+001 3.855690e+002
6.350000e+001 3.879159e+002
6.400000e+001 3.966773e+002
6.450000e+001 4.009175e+002
6.500000e+001 3.900197e+002
6.550000e+001 3.855645e+002
6.600000e+001 3.874891e+002
6.650000e+001 3.958177e+002
6.700000e+001 4.017452e+002
6.750000e+001 3.904149e+002
6.800000e+001 3.855276e+002
6.850000e+001 3.870130e+002
6.900000e+001 3.948876e+002
6.950000e+001 4.025358e+002
7.000000e+001 3.907538e+002
7.050000e+001 3.854100e+002
7.100000e+001 3.864254e+002
7.150000e+001 3.938066e+002
7.200000e+001 4.032369e+002
7.250000e+001 3.909682e+002
7.300000e+001 3.851235e+002
7.350000e+001 3.856121e+002
7.400000e+001 3.924274e+002
7.450000e+001 4.037523e+002
7.500000e+001 3.909337e+002
7.550000e+001 3.845074e+002
7.600000e+001 3.843659e+002
7.650000e+001 3.904833e+002
7.700000e+001 4.029135e+002
7.750000e+001 3.904254e+002
7.800000e+001 3.832717e+002
7.850000e+001 3.823139e+002
7.900000e+001 3.874956e+002
7.950000e+001 3.988334e+002
8.000000e+001 3.890422e+002
8.050000e+001 3.809019e+002
8.100000e+001 3.787977e+002
8.150000e+001 3.826240e+002
8.200000e+001 3.923374e+002
8.250000e+001 3.860882e+002
8.300000e+001 3.765135e+002
8.350000e+001 3.726966e+002
8.400000e+001 3.744545e+002
8.450000e+001 3.816485e+002
8.500000e+001 3.804169e+002
8.550000e+001 3.686742e+002
8.600000e+001 3.622321e+002
8.650000e+001 3.607928e+002
8.700000e+001 3.640805e+002
8.750000e+001 3.703181e+002
8.800000e+001 3.553258e+002
8.850000e+001 3.449552e+002
8.900000e+001 3.387651e+002
8.950000e+001 3.363183e+002
9.000000e+001 3.371691e+002
9.050000e+001 3.341854e+002
9.100000e+001 3.184428e+002
9.150000e+001 3.059271e+002
9.200000e+001 2.960853e+002
9.250000e+001 2.883681e+002
9.300000e+001 2.822293e+002
9.350000e+001 2.771281e+002
9.400000e+001 2.629135e+002
9.450000e+001 2.455509e+002
9.500000e+001 2.297022e+002
9.550000e+001 2.149406e+002
9.600000e+001 2.008975e+002
9.650000e+001 1.872695e+002
9.700000e+001 1.738240e+002
9.750000e+001 1.604023e+002
9.800000e+001 1.469195e+002
9.850000e+001 1.333610e+002
9.900000e+001 1.179652e+002
9.950000e+001 1.023629e+002
9.999990e+001 8.784061e+001