0.0000 0.0000 0.0000 0.0000 0.0000 0.0000 0.0000 0.0000 0.0000 0.0000 0.0000 0.0000 
0.0400 0.0800 0.0800 0.0800 0.0800 0.0800 0.0800 0.0800 0.0800 0.0800 0.0800 0.0800 
0.0800 0.1600 0.1600 0.1600 0.1600 0.1600 0.1600 0.1600 0.1600 0.1600 0.1600 0.1600 
0.1200 0.2400 0.2400 0.2400 0.2400 0.2400 0.2400 0.2400 0.2400 0.2400 0.2400 0.2400 
0.1600 0.3200 0.3200 0.3200 0.3200 0.3200 0.3200 0.3200 0.3200 0.3200 0.3200 0.3200 
0.2000 0.4000 0.4000 0.4000 0.4000 0.4000 0.4000 0.4000 0.4000 0.4000 0.4000 0.3999 
0.2400 0.4800 0.4800 0.4800 0.4800 0.4800 0.4800 0.4800 0.4800 0.4799 0.4798 0.4796 
0.2800 0.5600 0.5600 0.5600 0.5600 0.5600 0.5600 0.5599 0.5597 0.5594 0.5589 0.5583 
0.3200 0.6400 0.6400 0.6400 0.6400 0.6400 0.6398 0.6392 0.6384 0.6374 0.6360 0.6345 
0.3600 0.7200 0.7200 0.7200 0.7200 0.7192 0.7179 0.7160 0.7137 0.7111 0.7083 0.7053 
0.4000 0.8000 0.8000 0.8000 0.7976 0.7940 0.7899 0.7854 0.7806 0.7758 0.7709 0.7660 
0.4400 0.8800 0.8800 0.8722 0.8639 0.8556 0.8475 0.8396 0.8321 0.8249 0.8179 0.8111 
0.4800 0.9600 0.9350 0.9178 0.9036 0.8912 0.8800 0.8699 0.8604 0.8516 0.8432 0.8353 
0.5200 0.9600 0.9350 0.9178 0.9036 0.8912 0.8800 0.8699 0.8604 0.8516 0.8432 0.8353 
0.5600 0.8800 0.8800 0.8722 0.8639 0.8556 0.8475 0.8396 0.8321 0.8249 0.8179 0.8111 
0.6000 0.8000 0.8000 0.8000 0.7976 0.7940 0.7899 0.7854 0.7806 0.7758 0.7709 0.7660 
0.6400 0.7200 0.7200 0.7200 0.7200 0.7192 0.7179 0.7160 0.7137 0.7111 0.7083 0.7053 
0.6800 0.6400 0.6400 0.6400 0.6400 0.6400 0.6398 0.6392 0.6384 0.6374 0.6360 0.6345 
0.7200 0.5600 0.5600 0.5600 0.5600 0.5600 0.5600 0.5599 0.5597 0.5594 0.5589 0.5583 
0.7600 0.4800 0.4800 0.4800 0.4800 0.4800 0.4800 0.4800 0.4800 0.4799 0.4798 0.4796 
0.8000 0.4000 0.4000 0.4000 0.4000 0.4000 0.4000 0.4000 0.4000 0.4000 0.4000 0.3999 
0.8400 0.3200 0.3200 0.3200 0.3200 0.3200 0.3200 0.3200 0.3200 0.3200 0.3200 0.3200 
0.8800 0.2400 0.2400 0.2400 0.2400 0.2400 0.2400 0.2400 0.2400 0.2400 0.2400 0.2400 
0.9200 0.1600 0.1600 0.1600 0.1600 0.1600 0.1600 0.1600 0.1600 0.1600 0.1600 0.1600 
0.9600 0.0800 0.0800 0.0800 0.0800 0.0800 0.0800 0.0800 0.0800 0.0800 0.0800 0.0800 
1.0000 0.0000 0.0000 0.0000 0.0000 0.0000 0.0000 0.0000 0.0000 0.0000 0.0000 0.0000 
