0.0000 0.0000 0.0000 0.0000 0.0000 0.0000 0.0000 0.0000 0.0000 0.0000 0.0000 0.0000 
0.1000 0.2000 0.2000 0.2000 0.2000 0.2000 0.1689 0.2000 0.1254 0.2124 0.0656 0.2496 
0.2000 0.4000 0.4000 0.4000 0.4000 0.3482 0.3896 0.2756 0.3959 0.1802 0.4379 0.0439 
0.3000 0.6000 0.6000 0.6000 0.5136 0.5654 0.4203 0.5516 0.3069 0.5775 0.1536 0.6706 
0.4000 0.8000 0.8000 0.6560 0.7136 0.5408 0.6698 0.4198 0.6689 0.2683 0.7309 0.0515 
0.5000 1.0000 0.7600 0.8080 0.6256 0.7312 0.5027 0.7032 0.3632 0.7301 0.1759 0.8419 
0.6000 0.8000 0.8000 0.6560 0.7136 0.5408 0.6698 0.4198 0.6689 0.2683 0.7309 0.0515 
0.7000 0.6000 0.6000 0.6000 0.5136 0.5654 0.4203 0.5516 0.3069 0.5775 0.1536 0.6706 
0.8000 0.4000 0.4000 0.4000 0.4000 0.3482 0.3896 0.2756 0.3959 0.1802 0.4379 0.0439 
0.9000 0.2000 0.2000 0.2000 0.2000 0.2000 0.1689 0.2000 0.1254 0.2124 0.0656 0.2496 
1.0000 0.0000 0.0000 0.0000 0.0000 0.0000 0.0000 0.0000 0.0000 0.0000 0.0000 0.0000 
