0.0000 0.0000 0.0000 0.0000 0.0000 0.0000 0.0000 0.0000 0.0000 0.0000 0.0000 0.0000 
0.1000 0.2000 0.2000 0.2000 0.2000 0.2000 0.1862 0.1876 0.1695 0.1721 0.1532 0.1566 
0.2000 0.4000 0.4000 0.4000 0.4000 0.3729 0.3751 0.3398 0.3440 0.3071 0.3130 0.2768 
0.3000 0.6000 0.6000 0.6000 0.5469 0.5501 0.4948 0.5003 0.4461 0.4537 0.4017 0.4110 
0.4000 0.8000 0.8000 0.6960 0.7001 0.6188 0.6253 0.5546 0.5631 0.4984 0.5087 0.4482 
0.5000 1.0000 0.7960 0.8001 0.6939 0.7002 0.6172 0.6255 0.5532 0.5633 0.4971 0.5089 
0.6000 0.8000 0.8000 0.6960 0.7001 0.6188 0.6253 0.5546 0.5631 0.4984 0.5087 0.4482 
0.7000 0.6000 0.6000 0.6000 0.5469 0.5501 0.4948 0.5003 0.4461 0.4537 0.4017 0.4110 
0.8000 0.4000 0.4000 0.4000 0.4000 0.3729 0.3751 0.3398 0.3440 0.3071 0.3130 0.2768 
0.9000 0.2000 0.2000 0.2000 0.2000 0.2000 0.1862 0.1876 0.1695 0.1721 0.1532 0.1566 
1.0000 0.0000 0.0000 0.0000 0.0000 0.0000 0.0000 0.0000 0.0000 0.0000 0.0000 0.0000 
