0.0000 0.0000 0.0000 0.0000 0.0000 0.0000 0.0000 0.0000 0.0000 0.0000 0.0000 0.0000 
0.1000 0.2000 0.2000 0.2000 0.2000 0.2000 0.1875 0.1875 0.1719 0.1719 0.1563 0.1563 
0.2000 0.4000 0.4000 0.4000 0.4000 0.3750 0.3750 0.3438 0.3438 0.3125 0.3125 0.2832 
0.3000 0.6000 0.6000 0.6000 0.5500 0.5500 0.5000 0.5000 0.4531 0.4531 0.4102 0.4102 
0.4000 0.8000 0.8000 0.7000 0.7000 0.6250 0.6250 0.5625 0.5625 0.5078 0.5078 0.4590 
0.5000 1.0000 0.8000 0.8000 0.7000 0.7000 0.6250 0.6250 0.5625 0.5625 0.5078 0.5078 
0.6000 0.8000 0.8000 0.7000 0.7000 0.6250 0.6250 0.5625 0.5625 0.5078 0.5078 0.4590 
0.7000 0.6000 0.6000 0.6000 0.5500 0.5500 0.5000 0.5000 0.4531 0.4531 0.4102 0.4102 
0.8000 0.4000 0.4000 0.4000 0.4000 0.3750 0.3750 0.3438 0.3438 0.3125 0.3125 0.2832 
0.9000 0.2000 0.2000 0.2000 0.2000 0.2000 0.1875 0.1875 0.1719 0.1719 0.1563 0.1563 
1.0000 0.0000 0.0000 0.0000 0.0000 0.0000 0.0000 0.0000 0.0000 0.0000 0.0000 0.0000 
