0.0000 0.0000 0.0000 0.0000 0.0000 0.0000 0.0000 0.0000 0.0000 0.0000 0.0000 0.0000 0.0000 
0.0000 0.1000 0.0000 0.0000 0.0000 0.0000 0.0000 0.0000 0.0000 0.0000 0.0000 0.0000 0.0000 
0.0000 0.2000 0.0000 0.0000 0.0000 0.0000 0.0000 0.0000 0.0000 0.0000 0.0000 0.0000 0.0000 
0.0000 0.3000 0.0000 0.0000 0.0000 0.0000 0.0000 0.0000 0.0000 0.0000 0.0000 0.0000 0.0000 
0.0000 0.4000 0.0000 0.0000 0.0000 0.0000 0.0000 0.0000 0.0000 0.0000 0.0000 0.0000 0.0000 
0.0000 0.5000 0.0000 0.0000 0.0000 0.0000 0.0000 0.0000 0.0000 0.0000 0.0000 0.0000 0.0000 
0.0000 0.6000 0.0000 0.0000 0.0000 0.0000 0.0000 0.0000 0.0000 0.0000 0.0000 0.0000 0.0000 
0.0000 0.7000 0.0000 0.0000 0.0000 0.0000 0.0000 0.0000 0.0000 0.0000 0.0000 0.0000 0.0000 
0.0000 0.8000 0.0000 0.0000 0.0000 0.0000 0.0000 0.0000 0.0000 0.0000 0.0000 0.0000 0.0000 
0.0000 0.9000 0.0000 0.0000 0.0000 0.0000 0.0000 0.0000 0.0000 0.0000 0.0000 0.0000 0.0000 
0.0000 1.0000 0.0000 0.0000 0.0000 0.0000 0.0000 0.0000 0.0000 0.0000 0.0000 0.0000 0.0000 

0.1000 0.0000 0.0000 0.0000 0.0000 0.0000 0.0000 0.0000 0.0000 0.0000 0.0000 0.0000 0.0000 
0.1000 0.1000 0.0400 0.0397 0.0373 0.0330 0.0282 0.0236 0.0195 0.0161 0.0133 0.0109 0.0090 
0.1000 0.2000 0.0800 0.0789 0.0729 0.0637 0.0539 0.0450 0.0372 0.0307 0.0253 0.0208 0.0171 
0.1000 0.3000 0.1200 0.1158 0.1038 0.0891 0.0748 0.0622 0.0514 0.0423 0.0348 0.0287 0.0236 
0.1000 0.4000 0.1600 0.1452 0.1256 0.1062 0.0885 0.0733 0.0605 0.0498 0.0410 0.0337 0.0277 
0.1000 0.5000 0.2000 0.1575 0.1336 0.1123 0.0933 0.0772 0.0636 0.0524 0.0431 0.0354 0.0291 
0.1000 0.6000 0.1600 0.1452 0.1256 0.1062 0.0885 0.0733 0.0605 0.0498 0.0410 0.0337 0.0277 
0.1000 0.7000 0.1200 0.1158 0.1038 0.0891 0.0748 0.0622 0.0514 0.0423 0.0348 0.0287 0.0236 
0.1000 0.8000 0.0800 0.0789 0.0729 0.0637 0.0539 0.0450 0.0372 0.0307 0.0253 0.0208 0.0171 
0.1000 0.9000 0.0400 0.0397 0.0373 0.0330 0.0282 0.0236 0.0195 0.0161 0.0133 0.0109 0.0090 
0.1000 1.0000 0.0000 0.0000 0.0000 0.0000 0.0000 0.0000 0.0000 0.0000 0.0000 0.0000 0.0000 

0.2000 0.0000 0.0000 0.0000 0.0000 0.0000 0.0000 0.0000 0.0000 0.0000 0.0000 0.0000 0.0000 
0.2000 0.1000 0.0800 0.0789 0.0729 0.0637 0.0539 0.0450 0.0372 0.0307 0.0253 0.0208 0.0171 
0.2000 0.2000 0.1600 0.1567 0.1423 0.1228 0.1033 0.0858 0.0709 0.0585 0.0481 0.0396 0.0326 
0.2000 0.3000 0.2400 0.2300 0.2026 0.1718 0.1433 0.1186 0.0978 0.0806 0.0663 0.0545 0.0448 
0.2000 0.4000 0.3200 0.2885 0.2452 0.2047 0.1695 0.1399 0.1152 0.0948 0.0779 0.0641 0.0527 
0.2000 0.5000 0.4000 0.3129 0.2608 0.2164 0.1787 0.1472 0.1212 0.0997 0.0820 0.0674 0.0554 
0.2000 0.6000 0.3200 0.2885 0.2452 0.2047 0.1695 0.1399 0.1152 0.0948 0.0779 0.0641 0.0527 
0.2000 0.7000 0.2400 0.2300 0.2026 0.1718 0.1433 0.1186 0.0978 0.0806 0.0663 0.0545 0.0448 
0.2000 0.8000 0.1600 0.1567 0.1423 0.1228 0.1033 0.0858 0.0709 0.0585 0.0481 0.0396 0.0326 
0.2000 0.9000 0.0800 0.0789 0.0729 0.0637 0.0539 0.0450 0.0372 0.0307 0.0253 0.0208 0.0171 
0.2000 1.0000 0.0000 0.0000 0.0000 0.0000 0.0000 0.0000 0.0000 0.0000 0.0000 0.0000 0.0000 

0.3000 0.0000 0.0000 0.0000 0.0000 0.0000 0.0000 0.0000 0.0000 0.0000 0.0000 0.0000 0.0000 
0.3000 0.1000 0.1200 0.1158 0.1038 0.0891 0.0748 0.0622 0.0514 0.0423 0.0348 0.0287 0.0236 
0.3000 0.2000 0.2400 0.2300 0.2026 0.1718 0.1433 0.1186 0.0978 0.0806 0.0663 0.0545 0.0448 
0.3000 0.3000 0.3600 0.3375 0.2885 0.2404 0.1988 0.1639 0.1349 0.1110 0.0913 0.0751 0.0617 
0.3000 0.4000 0.4800 0.4234 0.3491 0.2865 0.2352 0.1932 0.1588 0.1306 0.1073 0.0882 0.0726 
0.3000 0.5000 0.6000 0.4593 0.3714 0.3028 0.2479 0.2034 0.1671 0.1373 0.1129 0.0928 0.0763 
0.3000 0.6000 0.4800 0.4234 0.3491 0.2865 0.2352 0.1932 0.1588 0.1306 0.1073 0.0882 0.0726 
0.3000 0.7000 0.3600 0.3375 0.2885 0.2404 0.1988 0.1639 0.1349 0.1110 0.0913 0.0751 0.0617 
0.3000 0.8000 0.2400 0.2300 0.2026 0.1718 0.1433 0.1186 0.0978 0.0806 0.0663 0.0545 0.0448 
0.3000 0.9000 0.1200 0.1158 0.1038 0.0891 0.0748 0.0622 0.0514 0.0423 0.0348 0.0287 0.0236 
0.3000 1.0000 0.0000 0.0000 0.0000 0.0000 0.0000 0.0000 0.0000 0.0000 0.0000 0.0000 0.0000 

0.4000 0.0000 0.0000 0.0000 0.0000 0.0000 0.0000 0.0000 0.0000 0.0000 0.0000 0.0000 0.0000 
0.4000 0.1000 0.1600 0.1452 0.1256 0.1062 0.0885 0.0733 0.0605 0.0498 0.0410 0.0337 0.0277 
0.4000 0.2000 0.3200 0.2885 0.2452 0.2047 0.1695 0.1399 0.1152 0.0948 0.0779 0.0641 0.0527 
0.4000 0.3000 0.4800 0.4234 0.3491 0.2865 0.2352 0.1932 0.1588 0.1306 0.1073 0.0882 0.0726 
0.4000 0.4000 0.6400 0.5311 0.4225 0.3414 0.2783 0.2279 0.1870 0.1536 0.1262 0.1038 0.0853 
0.4000 0.5000 0.8000 0.5761 0.4494 0.3608 0.2934 0.2399 0.1967 0.1615 0.1327 0.1091 0.0897 
0.4000 0.6000 0.6400 0.5311 0.4225 0.3414 0.2783 0.2279 0.1870 0.1536 0.1262 0.1038 0.0853 
0.4000 0.7000 0.4800 0.4234 0.3491 0.2865 0.2352 0.1932 0.1588 0.1306 0.1073 0.0882 0.0726 
0.4000 0.8000 0.3200 0.2885 0.2452 0.2047 0.1695 0.1399 0.1152 0.0948 0.0779 0.0641 0.0527 
0.4000 0.9000 0.1600 0.1452 0.1256 0.1062 0.0885 0.0733 0.0605 0.0498 0.0410 0.0337 0.0277 
0.4000 1.0000 0.0000 0.0000 0.0000 0.0000 0.0000 0.0000 0.0000 0.0000 0.0000 0.0000 0.0000 

0.5000 0.0000 0.0000 0.0000 0.0000 0.0000 0.0000 0.0000 0.0000 0.0000 0.0000 0.0000 0.0000 
0.5000 0.1000 0.2000 0.1575 0.1336 0.1123 0.0933 0.0772 0.0636 0.0524 0.0431 0.0354 0.0291 
0.5000 0.2000 0.4000 0.3129 0.2608 0.2164 0.1787 0.1472 0.1212 0.0997 0.0820 0.0674 0.0554 
0.5000 0.3000 0.6000 0.4593 0.3714 0.3028 0.2479 0.2034 0.1671 0.1373 0.1129 0.0928 0.0763 
0.5000 0.4000 0.8000 0.5761 0.4494 0.3608 0.2934 0.2399 0.1967 0.1615 0.1327 0.1091 0.0897 
0.5000 0.5000 1.0000 0.6249 0.4780 0.3814 0.3092 0.2525 0.2070 0.1699 0.1396 0.1147 0.0943 
0.5000 0.6000 0.8000 0.5761 0.4494 0.3608 0.2934 0.2399 0.1967 0.1615 0.1327 0.1091 0.0897 
0.5000 0.7000 0.6000 0.4593 0.3714 0.3028 0.2479 0.2034 0.1671 0.1373 0.1129 0.0928 0.0763 
0.5000 0.8000 0.4000 0.3129 0.2608 0.2164 0.1787 0.1472 0.1212 0.0997 0.0820 0.0674 0.0554 
0.5000 0.9000 0.2000 0.1575 0.1336 0.1123 0.0933 0.0772 0.0636 0.0524 0.0431 0.0354 0.0291 
0.5000 1.0000 0.0000 0.0000 0.0000 0.0000 0.0000 0.0000 0.0000 0.0000 0.0000 0.0000 0.0000 

0.6000 0.0000 0.0000 0.0000 0.0000 0.0000 0.0000 0.0000 0.0000 0.0000 0.0000 0.0000 0.0000 
0.6000 0.1000 0.1600 0.1452 0.1256 0.1062 0.0885 0.0733 0.0605 0.0498 0.0410 0.0337 0.0277 
0.6000 0.2000 0.3200 0.2885 0.2452 0.2047 0.1695 0.1399 0.1152 0.0948 0.0779 0.0641 0.0527 
0.6000 0.3000 0.4800 0.4234 0.3491 0.2865 0.2352 0.1932 0.1588 0.1306 0.1073 0.0882 0.0726 
0.6000 0.4000 0.6400 0.5311 0.4225 0.3414 0.2783 0.2279 0.1870 0.1536 0.1262 0.1038 0.0853 
0.6000 0.5000 0.8000 0.5761 0.4494 0.3608 0.2934 0.2399 0.1967 0.1615 0.1327 0.1091 0.0897 
0.6000 0.6000 0.6400 0.5311 0.4225 0.3414 0.2783 0.2279 0.1870 0.1536 0.1262 0.1038 0.0853 
0.6000 0.7000 0.4800 0.4234 0.3491 0.2865 0.2352 0.1932 0.1588 0.1306 0.1073 0.0882 0.0726 
0.6000 0.8000 0.3200 0.2885 0.2452 0.2047 0.1695 0.1399 0.1152 0.0948 0.0779 0.0641 0.0527 
0.6000 0.9000 0.1600 0.1452 0.1256 0.1062 0.0885 0.0733 0.0605 0.0498 0.0410 0.0337 0.0277 
0.6000 1.0000 0.0000 0.0000 0.0000 0.0000 0.0000 0.0000 0.0000 0.0000 0.0000 0.0000 0.0000 

0.7000 0.0000 0.0000 0.0000 0.0000 0.0000 0.0000 0.0000 0.0000 0.0000 0.0000 0.0000 0.0000 
0.7000 0.1000 0.1200 0.1158 0.1038 0.0891 0.0748 0.0622 0.0514 0.0423 0.0348 0.0287 0.0236 
0.7000 0.2000 0.2400 0.2300 0.2026 0.1718 0.1433 0.1186 0.0978 0.0806 0.0663 0.0545 0.0448 
0.7000 0.3000 0.3600 0.3375 0.2885 0.2404 0.1988 0.1639 0.1349 0.1110 0.0913 0.0751 0.0617 
0.7000 0.4000 0.4800 0.4234 0.3491 0.2865 0.2352 0.1932 0.1588 0.1306 0.1073 0.0882 0.0726 
0.7000 0.5000 0.6000 0.4593 0.3714 0.3028 0.2479 0.2034 0.1671 0.1373 0.1129 0.0928 0.0763 
0.7000 0.6000 0.4800 0.4234 0.3491 0.2865 0.2352 0.1932 0.1588 0.1306 0.1073 0.0882 0.0726 
0.7000 0.7000 0.3600 0.3375 0.2885 0.2404 0.1988 0.1639 0.1349 0.1110 0.0913 0.0751 0.0617 
0.7000 0.8000 0.2400 0.2300 0.2026 0.1718 0.1433 0.1186 0.0978 0.0806 0.0663 0.0545 0.0448 
0.7000 0.9000 0.1200 0.1158 0.1038 0.0891 0.0748 0.0622 0.0514 0.0423 0.0348 0.0287 0.0236 
0.7000 1.0000 0.0000 0.0000 0.0000 0.0000 0.0000 0.0000 0.0000 0.0000 0.0000 0.0000 0.0000 

0.8000 0.0000 0.0000 0.0000 0.0000 0.0000 0.0000 0.0000 0.0000 0.0000 0.0000 0.0000 0.0000 
0.8000 0.1000 0.0800 0.0789 0.0729 0.0637 0.0539 0.0450 0.0372 0.0307 0.0253 0.0208 0.0171 
0.8000 0.2000 0.1600 0.1567 0.1423 0.1228 0.1033 0.0858 0.0709 0.0585 0.0481 0.0396 0.0326 
0.8000 0.3000 0.2400 0.2300 0.2026 0.1718 0.1433 0.1186 0.0978 0.0806 0.0663 0.0545 0.0448 
0.8000 0.4000 0.3200 0.2885 0.2452 0.2047 0.1695 0.1399 0.1152 0.0948 0.0779 0.0641 0.0527 
0.8000 0.5000 0.4000 0.3129 0.2608 0.2164 0.1787 0.1472 0.1212 0.0997 0.0820 0.0674 0.0554 
0.8000 0.6000 0.3200 0.2885 0.2452 0.2047 0.1695 0.1399 0.1152 0.0948 0.0779 0.0641 0.0527 
0.8000 0.7000 0.2400 0.2300 0.2026 0.1718 0.1433 0.1186 0.0978 0.0806 0.0663 0.0545 0.0448 
0.8000 0.8000 0.1600 0.1567 0.1423 0.1228 0.1033 0.0858 0.0709 0.0585 0.0481 0.0396 0.0326 
0.8000 0.9000 0.0800 0.0789 0.0729 0.0637 0.0539 0.0450 0.0372 0.0307 0.0253 0.0208 0.0171 
0.8000 1.0000 0.0000 0.0000 0.0000 0.0000 0.0000 0.0000 0.0000 0.0000 0.0000 0.0000 0.0000 

0.9000 0.0000 0.0000 0.0000 0.0000 0.0000 0.0000 0.0000 0.0000 0.0000 0.0000 0.0000 0.0000 
0.9000 0.1000 0.0400 0.0397 0.0373 0.0330 0.0282 0.0236 0.0195 0.0161 0.0133 0.0109 0.0090 
0.9000 0.2000 0.0800 0.0789 0.0729 0.0637 0.0539 0.0450 0.0372 0.0307 0.0253 0.0208 0.0171 
0.9000 0.3000 0.1200 0.1158 0.1038 0.0891 0.0748 0.0622 0.0514 0.0423 0.0348 0.0287 0.0236 
0.9000 0.4000 0.1600 0.1452 0.1256 0.1062 0.0885 0.0733 0.0605 0.0498 0.0410 0.0337 0.0277 
0.9000 0.5000 0.2000 0.1575 0.1336 0.1123 0.0933 0.0772 0.0636 0.0524 0.0431 0.0354 0.0291 
0.9000 0.6000 0.1600 0.1452 0.1256 0.1062 0.0885 0.0733 0.0605 0.0498 0.0410 0.0337 0.0277 
0.9000 0.7000 0.1200 0.1158 0.1038 0.0891 0.0748 0.0622 0.0514 0.0423 0.0348 0.0287 0.0236 
0.9000 0.8000 0.0800 0.0789 0.0729 0.0637 0.0539 0.0450 0.0372 0.0307 0.0253 0.0208 0.0171 
0.9000 0.9000 0.0400 0.0397 0.0373 0.0330 0.0282 0.0236 0.0195 0.0161 0.0133 0.0109 0.0090 
0.9000 1.0000 0.0000 0.0000 0.0000 0.0000 0.0000 0.0000 0.0000 0.0000 0.0000 0.0000 0.0000 

1.0000 0.0000 0.0000 0.0000 0.0000 0.0000 0.0000 0.0000 0.0000 0.0000 0.0000 0.0000 0.0000 
1.0000 0.1000 0.0000 0.0000 0.0000 0.0000 0.0000 0.0000 0.0000 0.0000 0.0000 0.0000 0.0000 
1.0000 0.2000 0.0000 0.0000 0.0000 0.0000 0.0000 0.0000 0.0000 0.0000 0.0000 0.0000 0.0000 
1.0000 0.3000 0.0000 0.0000 0.0000 0.0000 0.0000 0.0000 0.0000 0.0000 0.0000 0.0000 0.0000 
1.0000 0.4000 0.0000 0.0000 0.0000 0.0000 0.0000 0.0000 0.0000 0.0000 0.0000 0.0000 0.0000 
1.0000 0.5000 0.0000 0.0000 0.0000 0.0000 0.0000 0.0000 0.0000 0.0000 0.0000 0.0000 0.0000 
1.0000 0.6000 0.0000 0.0000 0.0000 0.0000 0.0000 0.0000 0.0000 0.0000 0.0000 0.0000 0.0000 
1.0000 0.7000 0.0000 0.0000 0.0000 0.0000 0.0000 0.0000 0.0000 0.0000 0.0000 0.0000 0.0000 
1.0000 0.8000 0.0000 0.0000 0.0000 0.0000 0.0000 0.0000 0.0000 0.0000 0.0000 0.0000 0.0000 
1.0000 0.9000 0.0000 0.0000 0.0000 0.0000 0.0000 0.0000 0.0000 0.0000 0.0000 0.0000 0.0000 
1.0000 1.0000 0.0000 0.0000 0.0000 0.0000 0.0000 0.0000 0.0000 0.0000 0.0000 0.0000 0.0000 

