mx my mz:
3.040402e-001 -9.526592e-001 0.000000e+000
3.162278e-001 -9.486833e-001 0.000000e+000
3.293722e-001 -9.442002e-001 0.000000e+000
3.435815e-001 -9.391229e-001 0.000000e+000
3.589791e-001 -9.333456e-001 0.000000e+000
3.757051e-001 -9.267393e-001 0.000000e+000
3.939193e-001 -9.191450e-001 0.000000e+000
4.138029e-001 -9.103665e-001 0.000000e+000
4.355609e-001 -9.001593e-001 0.000000e+000
4.594229e-001 -8.882176e-001 0.000000e+000
4.856429e-001 -8.741573e-001 0.000000e+000
5.144958e-001 -8.574929e-001 0.000000e+000
5.462678e-001 -8.376106e-001 0.000000e+000
5.812382e-001 -8.137335e-001 0.000000e+000
6.196443e-001 -7.848828e-001 0.000000e+000
6.616216e-001 -7.498379e-001 0.000000e+000
7.071068e-001 -7.071068e-001 0.000000e+000
7.556891e-001 -6.549305e-001 0.000000e+000
8.064050e-001 -5.913637e-001 0.000000e+000
8.574929e-001 -5.144958e-001 0.000000e+000
9.061831e-001 -4.228855e-001 0.000000e+000
9.486833e-001 -3.162278e-001 0.000000e+000
9.805807e-001 -1.961161e-001 0.000000e+000
9.977852e-001 -6.651901e-002 0.000000e+000
9.977852e-001 6.651901e-002 0.000000e+000
9.805807e-001 1.961161e-001 0.000000e+000
9.486833e-001 3.162278e-001 0.000000e+000
9.061831e-001 4.228855e-001 0.000000e+000
8.574929e-001 5.144958e-001 0.000000e+000
8.064050e-001 5.913637e-001 0.000000e+000
7.556891e-001 6.549305e-001 0.000000e+000
7.071068e-001 7.071068e-001 0.000000e+000
6.616216e-001 7.498379e-001 0.000000e+000
6.196443e-001 7.848828e-001 0.000000e+000
5.812382e-001 8.137335e-001 0.000000e+000
5.462678e-001 8.376106e-001 0.000000e+000
5.144958e-001 8.574929e-001 0.000000e+000
4.856429e-001 8.741573e-001 0.000000e+000
4.594229e-001 8.882176e-001 0.000000e+000
4.355609e-001 9.001593e-001 0.000000e+000
4.138029e-001 9.103665e-001 0.000000e+000
3.939193e-001 9.191450e-001 0.000000e+000
3.757051e-001 9.267393e-001 0.000000e+000
3.589791e-001 9.333456e-001 0.000000e+000
3.435815e-001 9.391229e-001 0.000000e+000
3.293722e-001 9.442002e-001 0.000000e+000
3.162278e-001 9.486833e-001 0.000000e+000
3.040402e-001 9.526592e-001 0.000000e+000
2.665861e-001 -9.638111e-001 0.000000e+000
2.775397e-001 -9.607142e-001 0.000000e+000
2.893895e-001 -9.572114e-001 0.000000e+000
3.022439e-001 -9.532306e-001 0.000000e+000
3.162278e-001 -9.486833e-001 0.000000e+000
3.314860e-001 -9.434601e-001 0.000000e+000
3.481865e-001 -9.374253e-001 0.000000e+000
3.665245e-001 -9.304084e-001 0.000000e+000
3.867267e-001 -9.221944e-001 0.000000e+000
4.090559e-001 -9.125093e-001 0.000000e+000
4.338156e-001 -9.010017e-001 0.000000e+000
4.613527e-001 -8.872168e-001 0.000000e+000
4.920573e-001 -8.705628e-001 0.000000e+000
5.263546e-001 -8.502651e-001 0.000000e+000
5.646839e-001 -8.253073e-001 0.000000e+000
6.074501e-001 -7.943578e-001 0.000000e+000
6.549305e-001 -7.556891e-001 0.000000e+000
7.071068e-001 -7.071068e-001 0.000000e+000
7.633863e-001 -6.459422e-001 0.000000e+000
8.221922e-001 -5.692100e-001 0.000000e+000
8.804711e-001 -4.740998e-001 0.000000e+000
9.333456e-001 -3.589791e-001 0.000000e+000
9.743912e-001 -2.248595e-001 0.000000e+000
9.970545e-001 -7.669650e-002 0.000000e+000
9.970545e-001 7.669650e-002 0.000000e+000
9.743912e-001 2.248595e-001 0.000000e+000
9.333456e-001 3.589791e-001 0.000000e+000
8.804711e-001 4.740998e-001 0.000000e+000
8.221922e-001 5.692100e-001 0.000000e+000
7.633863e-001 6.459422e-001 0.000000e+000
7.071068e-001 7.071068e-001 0.000000e+000
6.549305e-001 7.556891e-001 0.000000e+000
6.074501e-001 7.943578e-001 0.000000e+000
5.646839e-001 8.253073e-001 0.000000e+000
5.263546e-001 8.502651e-001 0.000000e+000
4.920573e-001 8.705628e-001 0.000000e+000
4.613527e-001 8.872168e-001 0.000000e+000
4.338156e-001 9.010017e-001 0.000000e+000
4.090559e-001 9.125093e-001 0.000000e+000
3.867267e-001 9.221944e-001 0.000000e+000
3.665245e-001 9.304084e-001 0.000000e+000
3.481865e-001 9.374253e-001 0.000000e+000
3.314860e-001 9.434601e-001 0.000000e+000
3.162278e-001 9.486833e-001 0.000000e+000
3.022439e-001 9.532306e-001 0.000000e+000
2.893895e-001 9.572114e-001 0.000000e+000
2.775397e-001 9.607142e-001 0.000000e+000
2.665861e-001 9.638111e-001 0.000000e+000
2.278845e-001 -9.736882e-001 0.000000e+000
2.374531e-001 -9.713990e-001 0.000000e+000
2.478332e-001 -9.688027e-001 0.000000e+000
2.591286e-001 -9.658428e-001 0.000000e+000
2.714602e-001 -9.624497e-001 0.000000e+000
2.849703e-001 -9.585364e-001 0.000000e+000
2.998266e-001 -9.539937e-001 0.000000e+000
3.162278e-001 -9.486833e-001 0.000000e+000
3.344098e-001 -9.424277e-001 0.000000e+000
3.546542e-001 -9.349975e-001 0.000000e+000
3.772969e-001 -9.260924e-001 0.000000e+000
4.027386e-001 -9.153150e-001 0.000000e+000
4.314555e-001 -9.021342e-001 0.000000e+000
4.640070e-001 -8.858315e-001 0.000000e+000
5.010363e-001 -8.654263e-001 0.000000e+000
5.432513e-001 -8.395702e-001 0.000000e+000
5.913637e-001 -8.064050e-001 0.000000e+000
6.459422e-001 -7.633863e-001 0.000000e+000
7.071068e-001 -7.071068e-001 0.000000e+000
7.739573e-001 -6.332378e-001 0.000000e+000
8.436615e-001 -5.368755e-001 0.000000e+000
9.103665e-001 -4.138029e-001 0.000000e+000
9.647638e-001 -2.631174e-001 0.000000e+000
9.958932e-001 -9.053575e-002 0.000000e+000
9.958932e-001 9.053575e-002 0.000000e+000
9.647638e-001 2.631174e-001 0.000000e+000
9.103665e-001 4.138029e-001 0.000000e+000
8.436615e-001 5.368755e-001 0.000000e+000
7.739573e-001 6.332378e-001 0.000000e+000
7.071068e-001 7.071068e-001 0.000000e+000
6.459422e-001 7.633863e-001 0.000000e+000
5.913637e-001 8.064050e-001 0.000000e+000
5.432513e-001 8.395702e-001 0.000000e+000
5.010363e-001 8.654263e-001 0.000000e+000
4.640070e-001 8.858315e-001 0.000000e+000
4.314555e-001 9.021342e-001 0.000000e+000
4.027386e-001 9.153150e-001 0.000000e+000
3.772969e-001 9.260924e-001 0.000000e+000
3.546542e-001 9.349975e-001 0.000000e+000
3.344098e-001 9.424277e-001 0.000000e+000
3.162278e-001 9.486833e-001 0.000000e+000
2.998266e-001 9.539937e-001 0.000000e+000
2.849703e-001 9.585364e-001 0.000000e+000
2.714602e-001 9.624497e-001 0.000000e+000
2.591286e-001 9.658428e-001 0.000000e+000
2.478332e-001 9.688027e-001 0.000000e+000
2.374531e-001 9.713990e-001 0.000000e+000
2.278845e-001 9.736882e-001 0.000000e+000
1.880723e-001 -9.821552e-001 0.000000e+000
1.961161e-001 -9.805807e-001 0.000000e+000
2.048632e-001 -9.787906e-001 0.000000e+000
2.144073e-001 -9.767443e-001 0.000000e+000
2.248595e-001 -9.743912e-001 0.000000e+000
2.363516e-001 -9.716676e-001 0.000000e+000
2.490410e-001 -9.684929e-001 0.000000e+000
2.631174e-001 -9.647638e-001 0.000000e+000
2.788102e-001 -9.603462e-001 0.000000e+000
2.963992e-001 -9.550641e-001 0.000000e+000
3.162278e-001 -9.486833e-001 0.000000e+000
3.387195e-001 -9.408874e-001 0.000000e+000
3.643993e-001 -9.312428e-001 0.000000e+000
3.939193e-001 -9.191450e-001 0.000000e+000
4.280863e-001 -9.037378e-001 0.000000e+000
4.678877e-001 -8.837879e-001 0.000000e+000
5.144958e-001 -8.574929e-001 0.000000e+000
5.692100e-001 -8.221922e-001 0.000000e+000
6.332378e-001 -7.739573e-001 0.000000e+000
7.071068e-001 -7.071068e-001 0.000000e+000
7.893522e-001 -6.139406e-001 0.000000e+000
8.741573e-001 -4.856429e-001 0.000000e+000
9.486833e-001 -3.162278e-001 0.000000e+000
9.938837e-001 -1.104315e-001 0.000000e+000
9.938837e-001 1.104315e-001 0.000000e+000
9.486833e-001 3.162278e-001 0.000000e+000
8.741573e-001 4.856429e-001 0.000000e+000
7.893522e-001 6.139406e-001 0.000000e+000
7.071068e-001 7.071068e-001 0.000000e+000
6.332378e-001 7.739573e-001 0.000000e+000
5.692100e-001 8.221922e-001 0.000000e+000
5.144958e-001 8.574929e-001 0.000000e+000
4.678877e-001 8.837879e-001 0.000000e+000
4.280863e-001 9.037378e-001 0.000000e+000
3.939193e-001 9.191450e-001 0.000000e+000
3.643993e-001 9.312428e-001 0.000000e+000
3.387195e-001 9.408874e-001 0.000000e+000
3.162278e-001 9.486833e-001 0.000000e+000
2.963992e-001 9.550641e-001 0.000000e+000
2.788102e-001 9.603462e-001 0.000000e+000
2.631174e-001 9.647638e-001 0.000000e+000
2.490410e-001 9.684929e-001 0.000000e+000
2.363516e-001 9.716676e-001 0.000000e+000
2.248595e-001 9.743912e-001 0.000000e+000
2.144073e-001 9.767443e-001 0.000000e+000
2.048632e-001 9.787906e-001 0.000000e+000
1.961161e-001 9.805807e-001 0.000000e+000
1.880723e-001 9.821552e-001 0.000000e+000
1.473113e-001 -9.890902e-001 0.000000e+000
1.537070e-001 -9.881165e-001 0.000000e+000
1.606756e-001 -9.870073e-001 0.000000e+000
1.682965e-001 -9.857364e-001 0.000000e+000
1.766641e-001 -9.842712e-001 0.000000e+000
1.858917e-001 -9.825702e-001 0.000000e+000
1.961161e-001 -9.805807e-001 0.000000e+000
2.075042e-001 -9.782341e-001 0.000000e+000
2.202609e-001 -9.754410e-001 0.000000e+000
2.346405e-001 -9.720822e-001 0.000000e+000
2.509622e-001 -9.679969e-001 0.000000e+000
2.696299e-001 -9.629640e-001 0.000000e+000
2.911616e-001 -9.566739e-001 0.000000e+000
3.162278e-001 -9.486833e-001 0.000000e+000
3.457054e-001 -9.383431e-001 0.000000e+000
3.807498e-001 -9.246781e-001 0.000000e+000
4.228855e-001 -9.061831e-001 0.000000e+000
4.740998e-001 -8.804711e-001 0.000000e+000
5.368755e-001 -8.436615e-001 0.000000e+000
6.139406e-001 -7.893522e-001 0.000000e+000
7.071068e-001 -7.071068e-001 0.000000e+000
8.137335e-001 -5.812382e-001 0.000000e+000
9.191450e-001 -3.939193e-001 0.000000e+000
9.899495e-001 -1.414214e-001 0.000000e+000
9.899495e-001 1.414214e-001 0.000000e+000
9.191450e-001 3.939193e-001 0.000000e+000
8.137335e-001 5.812382e-001 0.000000e+000
7.071068e-001 7.071068e-001 0.000000e+000
6.139406e-001 7.893522e-001 0.000000e+000
5.368755e-001 8.436615e-001 0.000000e+000
4.740998e-001 8.804711e-001 0.000000e+000
4.228855e-001 9.061831e-001 0.000000e+000
3.807498e-001 9.246781e-001 0.000000e+000
3.457054e-001 9.383431e-001 0.000000e+000
3.162278e-001 9.486833e-001 0.000000e+000
2.911616e-001 9.566739e-001 0.000000e+000
2.696299e-001 9.629640e-001 0.000000e+000
2.509622e-001 9.679969e-001 0.000000e+000
2.346405e-001 9.720822e-001 0.000000e+000
2.202609e-001 9.754410e-001 0.000000e+000
2.075042e-001 9.782341e-001 0.000000e+000
1.961161e-001 9.805807e-001 0.000000e+000
1.858917e-001 9.825702e-001 0.000000e+000
1.766641e-001 9.842712e-001 0.000000e+000
1.682965e-001 9.857364e-001 0.000000e+000
1.606756e-001 9.870073e-001 0.000000e+000
1.537070e-001 9.881165e-001 0.000000e+000
1.473113e-001 9.890902e-001 0.000000e+000
1.057861e-001 -9.943889e-001 0.000000e+000
1.104315e-001 -9.938837e-001 0.000000e+000
1.155009e-001 -9.933074e-001 0.000000e+000
1.210544e-001 -9.926459e-001 0.000000e+000
1.271643e-001 -9.918817e-001 0.000000e+000
1.339179e-001 -9.909924e-001 0.000000e+000
1.414214e-001 -9.899495e-001 0.000000e+000
1.498054e-001 -9.887155e-001 0.000000e+000
1.592324e-001 -9.872411e-001 0.000000e+000
1.699069e-001 -9.854601e-001 0.000000e+000
1.820893e-001 -9.832820e-001 0.000000e+000
1.961161e-001 -9.805807e-001 0.000000e+000
2.124296e-001 -9.771764e-001 0.000000e+000
2.316205e-001 -9.728062e-001 0.000000e+000
2.544933e-001 -9.670745e-001 0.000000e+000
2.821663e-001 -9.593655e-001 0.000000e+000
3.162278e-001 -9.486833e-001 0.000000e+000
3.589791e-001 -9.333456e-001 0.000000e+000
4.138029e-001 -9.103665e-001 0.000000e+000
4.856429e-001 -8.741573e-001 0.000000e+000
5.812382e-001 -8.137335e-001 0.000000e+000
7.071068e-001 -7.071068e-001 0.000000e+000
8.574929e-001 -5.144958e-001 0.000000e+000
9.805807e-001 -1.961161e-001 0.000000e+000
9.805807e-001 1.961161e-001 0.000000e+000
8.574929e-001 5.144958e-001 0.000000e+000
7.071068e-001 7.071068e-001 0.000000e+000
5.812382e-001 8.137335e-001 0.000000e+000
4.856429e-001 8.741573e-001 0.000000e+000
4.138029e-001 9.103665e-001 0.000000e+000
3.589791e-001 9.333456e-001 0.000000e+000
3.162278e-001 9.486833e-001 0.000000e+000
2.821663e-001 9.593655e-001 0.000000e+000
2.544933e-001 9.670745e-001 0.000000e+000
2.316205e-001 9.728062e-001 0.000000e+000
2.124296e-001 9.771764e-001 0.000000e+000
1.961161e-001 9.805807e-001 0.000000e+000
1.820893e-001 9.832820e-001 0.000000e+000
1.699069e-001 9.854601e-001 0.000000e+000
1.592324e-001 9.872411e-001 0.000000e+000
1.498054e-001 9.887155e-001 0.000000e+000
1.414214e-001 9.899495e-001 0.000000e+000
1.339179e-001 9.909924e-001 0.000000e+000
1.271643e-001 9.918817e-001 0.000000e+000
1.210544e-001 9.926459e-001 0.000000e+000
1.155009e-001 9.933074e-001 0.000000e+000
1.104315e-001 9.938837e-001 0.000000e+000
1.057861e-001 9.943889e-001 0.000000e+000
6.370015e-002 -9.979691e-001 0.000000e+000
6.651901e-002 -9.977852e-001 0.000000e+000
6.959826e-002 -9.975751e-001 0.000000e+000
7.297564e-002 -9.973337e-001 0.000000e+000
7.669650e-002 -9.970545e-001 0.000000e+000
8.081587e-002 -9.967290e-001 0.000000e+000
8.540114e-002 -9.963466e-001 0.000000e+000
9.053575e-002 -9.958932e-001 0.000000e+000
9.632419e-002 -9.953500e-001 0.000000e+000
1.028992e-001 -9.946918e-001 0.000000e+000
1.104315e-001 -9.938837e-001 0.000000e+000
1.191452e-001 -9.928768e-001 0.000000e+000
1.293392e-001 -9.916004e-001 0.000000e+000
1.414214e-001 -9.899495e-001 0.000000e+000
1.559626e-001 -9.877630e-001 0.000000e+000
1.737853e-001 -9.847836e-001 0.000000e+000
1.961161e-001 -9.805807e-001 0.000000e+000
2.248595e-001 -9.743912e-001 0.000000e+000
2.631174e-001 -9.647638e-001 0.000000e+000
3.162278e-001 -9.486833e-001 0.000000e+000
3.939193e-001 -9.191450e-001 0.000000e+000
5.144958e-001 -8.574929e-001 0.000000e+000
7.071068e-001 -7.071068e-001 0.000000e+000
9.486833e-001 -3.162278e-001 0.000000e+000
9.486833e-001 3.162278e-001 0.000000e+000
7.071068e-001 7.071068e-001 0.000000e+000
5.144958e-001 8.574929e-001 0.000000e+000
3.939193e-001 9.191450e-001 0.000000e+000
3.162278e-001 9.486833e-001 0.000000e+000
2.631174e-001 9.647638e-001 0.000000e+000
2.248595e-001 9.743912e-001 0.000000e+000
1.961161e-001 9.805807e-001 0.000000e+000
1.737853e-001 9.847836e-001 0.000000e+000
1.559626e-001 9.877630e-001 0.000000e+000
1.414214e-001 9.899495e-001 0.000000e+000
1.293392e-001 9.916004e-001 0.000000e+000
1.191452e-001 9.928768e-001 0.000000e+000
1.104315e-001 9.938837e-001 0.000000e+000
1.028992e-001 9.946918e-001 0.000000e+000
9.632419e-002 9.953500e-001 0.000000e+000
9.053575e-002 9.958932e-001 0.000000e+000
8.540114e-002 9.963466e-001 0.000000e+000
8.081587e-002 9.967290e-001 0.000000e+000
7.669650e-002 9.970545e-001 0.000000e+000
7.297564e-002 9.973337e-001 0.000000e+000
6.959826e-002 9.975751e-001 0.000000e+000
6.651901e-002 9.977852e-001 0.000000e+000
6.370015e-002 9.979691e-001 0.000000e+000
2.127178e-002 -9.997737e-001 0.000000e+000
2.221674e-002 -9.997532e-001 0.000000e+000
2.324953e-002 -9.997297e-001 0.000000e+000
2.438299e-002 -9.997027e-001 0.000000e+000
2.563260e-002 -9.996714e-001 0.000000e+000
2.701716e-002 -9.996350e-001 0.000000e+000
2.855977e-002 -9.995921e-001 0.000000e+000
3.028913e-002 -9.995412e-001 0.000000e+000
3.224129e-002 -9.994801e-001 0.000000e+000
3.446228e-002 -9.994060e-001 0.000000e+000
3.701166e-002 -9.993148e-001 0.000000e+000
3.996804e-002 -9.992010e-001 0.000000e+000
4.343722e-002 -9.990562e-001 0.000000e+000
4.756515e-002 -9.988681e-001 0.000000e+000
5.255883e-002 -9.986178e-001 0.000000e+000
5.872202e-002 -9.982744e-001 0.000000e+000
6.651901e-002 -9.977852e-001 0.000000e+000
7.669650e-002 -9.970545e-001 0.000000e+000
9.053575e-002 -9.958932e-001 0.000000e+000
1.104315e-001 -9.938837e-001 0.000000e+000
1.414214e-001 -9.899495e-001 0.000000e+000
1.961161e-001 -9.805807e-001 0.000000e+000
3.162278e-001 -9.486833e-001 0.000000e+000
7.071068e-001 -7.071068e-001 0.000000e+000
7.071068e-001 7.071068e-001 0.000000e+000
3.162278e-001 9.486833e-001 0.000000e+000
1.961161e-001 9.805807e-001 0.000000e+000
1.414214e-001 9.899495e-001 0.000000e+000
1.104315e-001 9.938837e-001 0.000000e+000
9.053575e-002 9.958932e-001 0.000000e+000
7.669650e-002 9.970545e-001 0.000000e+000
6.651901e-002 9.977852e-001 0.000000e+000
5.872202e-002 9.982744e-001 0.000000e+000
5.255883e-002 9.986178e-001 0.000000e+000
4.756515e-002 9.988681e-001 0.000000e+000
4.343722e-002 9.990562e-001 0.000000e+000
3.996804e-002 9.992010e-001 0.000000e+000
3.701166e-002 9.993148e-001 0.000000e+000
3.446228e-002 9.994060e-001 0.000000e+000
3.224129e-002 9.994801e-001 0.000000e+000
3.028913e-002 9.995412e-001 0.000000e+000
2.855977e-002 9.995921e-001 0.000000e+000
2.701716e-002 9.996350e-001 0.000000e+000
2.563260e-002 9.996714e-001 0.000000e+000
2.438299e-002 9.997027e-001 0.000000e+000
2.324953e-002 9.997297e-001 0.000000e+000
2.221674e-002 9.997532e-001 0.000000e+000
2.127178e-002 9.997737e-001 0.000000e+000
-2.127178e-002 -9.997737e-001 0.000000e+000
-2.221674e-002 -9.997532e-001 0.000000e+000
-2.324953e-002 -9.997297e-001 0.000000e+000
-2.438299e-002 -9.997027e-001 0.000000e+000
-2.563260e-002 -9.996714e-001 0.000000e+000
-2.701716e-002 -9.996350e-001 0.000000e+000
-2.855977e-002 -9.995921e-001 0.000000e+000
-3.028913e-002 -9.995412e-001 0.000000e+000
-3.224129e-002 -9.994801e-001 0.000000e+000
-3.446228e-002 -9.994060e-001 0.000000e+000
-3.701166e-002 -9.993148e-001 0.000000e+000
-3.996804e-002 -9.992010e-001 0.000000e+000
-4.343722e-002 -9.990562e-001 0.000000e+000
-4.756515e-002 -9.988681e-001 0.000000e+000
-5.255883e-002 -9.986178e-001 0.000000e+000
-5.872202e-002 -9.982744e-001 0.000000e+000
-6.651901e-002 -9.977852e-001 0.000000e+000
-7.669650e-002 -9.970545e-001 0.000000e+000
-9.053575e-002 -9.958932e-001 0.000000e+000
-1.104315e-001 -9.938837e-001 0.000000e+000
-1.414214e-001 -9.899495e-001 0.000000e+000
-1.961161e-001 -9.805807e-001 0.000000e+000
-3.162278e-001 -9.486833e-001 0.000000e+000
-7.071068e-001 -7.071068e-001 0.000000e+000
-7.071068e-001 7.071068e-001 0.000000e+000
-3.162278e-001 9.486833e-001 0.000000e+000
-1.961161e-001 9.805807e-001 0.000000e+000
-1.414214e-001 9.899495e-001 0.000000e+000
-1.104315e-001 9.938837e-001 0.000000e+000
-9.053575e-002 9.958932e-001 0.000000e+000
-7.669650e-002 9.970545e-001 0.000000e+000
-6.651901e-002 9.977852e-001 0.000000e+000
-5.872202e-002 9.982744e-001 0.000000e+000
-5.255883e-002 9.986178e-001 0.000000e+000
-4.756515e-002 9.988681e-001 0.000000e+000
-4.343722e-002 9.990562e-001 0.000000e+000
-3.996804e-002 9.992010e-001 0.000000e+000
-3.701166e-002 9.993148e-001 0.000000e+000
-3.446228e-002 9.994060e-001 0.000000e+000
-3.224129e-002 9.994801e-001 0.000000e+000
-3.028913e-002 9.995412e-001 0.000000e+000
-2.855977e-002 9.995921e-001 0.000000e+000
-2.701716e-002 9.996350e-001 0.000000e+000
-2.563260e-002 9.996714e-001 0.000000e+000
-2.438299e-002 9.997027e-001 0.000000e+000
-2.324953e-002 9.997297e-001 0.000000e+000
-2.221674e-002 9.997532e-001 0.000000e+000
-2.127178e-002 9.997737e-001 0.000000e+000
-6.370015e-002 -9.979691e-001 0.000000e+000
-6.651901e-002 -9.977852e-001 0.000000e+000
-6.959826e-002 -9.975751e-001 0.000000e+000
-7.297564e-002 -9.973337e-001 0.000000e+000
-7.669650e-002 -9.970545e-001 0.000000e+000
-8.081587e-002 -9.967290e-001 0.000000e+000
-8.540114e-002 -9.963466e-001 0.000000e+000
-9.053575e-002 -9.958932e-001 0.000000e+000
-9.632419e-002 -9.953500e-001 0.000000e+000
-1.028992e-001 -9.946918e-001 0.000000e+000
-1.104315e-001 -9.938837e-001 0.000000e+000
-1.191452e-001 -9.928768e-001 0.000000e+000
-1.293392e-001 -9.916004e-001 0.000000e+000
-1.414214e-001 -9.899495e-001 0.000000e+000
-1.559626e-001 -9.877630e-001 0.000000e+000
-1.737853e-001 -9.847836e-001 0.000000e+000
-1.961161e-001 -9.805807e-001 0.000000e+000
-2.248595e-001 -9.743912e-001 0.000000e+000
-2.631174e-001 -9.647638e-001 0.000000e+000
-3.162278e-001 -9.486833e-001 0.000000e+000
-3.939193e-001 -9.191450e-001 0.000000e+000
-5.144958e-001 -8.574929e-001 0.000000e+000
-7.071068e-001 -7.071068e-001 0.000000e+000
-9.486833e-001 -3.162278e-001 0.000000e+000
-9.486833e-001 3.162278e-001 0.000000e+000
-7.071068e-001 7.071068e-001 0.000000e+000
-5.144958e-001 8.574929e-001 0.000000e+000
-3.939193e-001 9.191450e-001 0.000000e+000
-3.162278e-001 9.486833e-001 0.000000e+000
-2.631174e-001 9.647638e-001 0.000000e+000
-2.248595e-001 9.743912e-001 0.000000e+000
-1.961161e-001 9.805807e-001 0.000000e+000
-1.737853e-001 9.847836e-001 0.000000e+000
-1.559626e-001 9.877630e-001 0.000000e+000
-1.414214e-001 9.899495e-001 0.000000e+000
-1.293392e-001 9.916004e-001 0.000000e+000
-1.191452e-001 9.928768e-001 0.000000e+000
-1.104315e-001 9.938837e-001 0.000000e+000
-1.028992e-001 9.946918e-001 0.000000e+000
-9.632419e-002 9.953500e-001 0.000000e+000
-9.053575e-002 9.958932e-001 0.000000e+000
-8.540114e-002 9.963466e-001 0.000000e+000
-8.081587e-002 9.967290e-001 0.000000e+000
-7.669650e-002 9.970545e-001 0.000000e+000
-7.297564e-002 9.973337e-001 0.000000e+000
-6.959826e-002 9.975751e-001 0.000000e+000
-6.651901e-002 9.977852e-001 0.000000e+000
-6.370015e-002 9.979691e-001 0.000000e+000
-1.057861e-001 -9.943889e-001 0.000000e+000
-1.104315e-001 -9.938837e-001 0.000000e+000
-1.155009e-001 -9.933074e-001 0.000000e+000
-1.210544e-001 -9.926459e-001 0.000000e+000
-1.271643e-001 -9.918817e-001 0.000000e+000
-1.339179e-001 -9.909924e-001 0.000000e+000
-1.414214e-001 -9.899495e-001 0.000000e+000
-1.498054e-001 -9.887155e-001 0.000000e+000
-1.592324e-001 -9.872411e-001 0.000000e+000
-1.699069e-001 -9.854601e-001 0.000000e+000
-1.820893e-001 -9.832820e-001 0.000000e+000
-1.961161e-001 -9.805807e-001 0.000000e+000
-2.124296e-001 -9.771764e-001 0.000000e+000
-2.316205e-001 -9.728062e-001 0.000000e+000
-2.544933e-001 -9.670745e-001 0.000000e+000
-2.821663e-001 -9.593655e-001 0.000000e+000
-3.162278e-001 -9.486833e-001 0.000000e+000
-3.589791e-001 -9.333456e-001 0.000000e+000
-4.138029e-001 -9.103665e-001 0.000000e+000
-4.856429e-001 -8.741573e-001 0.000000e+000
-5.812382e-001 -8.137335e-001 0.000000e+000
-7.071068e-001 -7.071068e-001 0.000000e+000
-8.574929e-001 -5.144958e-001 0.000000e+000
-9.805807e-001 -1.961161e-001 0.000000e+000
-9.805807e-001 1.961161e-001 0.000000e+000
-8.574929e-001 5.144958e-001 0.000000e+000
-7.071068e-001 7.071068e-001 0.000000e+000
-5.812382e-001 8.137335e-001 0.000000e+000
-4.856429e-001 8.741573e-001 0.000000e+000
-4.138029e-001 9.103665e-001 0.000000e+000
-3.589791e-001 9.333456e-001 0.000000e+000
-3.162278e-001 9.486833e-001 0.000000e+000
-2.821663e-001 9.593655e-001 0.000000e+000
-2.544933e-001 9.670745e-001 0.000000e+000
-2.316205e-001 9.728062e-001 0.000000e+000
-2.124296e-001 9.771764e-001 0.000000e+000
-1.961161e-001 9.805807e-001 0.000000e+000
-1.820893e-001 9.832820e-001 0.000000e+000
-1.699069e-001 9.854601e-001 0.000000e+000
-1.592324e-001 9.872411e-001 0.000000e+000
-1.498054e-001 9.887155e-001 0.000000e+000
-1.414214e-001 9.899495e-001 0.000000e+000
-1.339179e-001 9.909924e-001 0.000000e+000
-1.271643e-001 9.918817e-001 0.000000e+000
-1.210544e-001 9.926459e-001 0.000000e+000
-1.155009e-001 9.933074e-001 0.000000e+000
-1.104315e-001 9.938837e-001 0.000000e+000
-1.057861e-001 9.943889e-001 0.000000e+000
-1.473113e-001 -9.890902e-001 0.000000e+000
-1.537070e-001 -9.881165e-001 0.000000e+000
-1.606756e-001 -9.870073e-001 0.000000e+000
-1.682965e-001 -9.857364e-001 0.000000e+000
-1.766641e-001 -9.842712e-001 0.000000e+000
-1.858917e-001 -9.825702e-001 0.000000e+000
-1.961161e-001 -9.805807e-001 0.000000e+000
-2.075042e-001 -9.782341e-001 0.000000e+000
-2.202609e-001 -9.754410e-001 0.000000e+000
-2.346405e-001 -9.720822e-001 0.000000e+000
-2.509622e-001 -9.679969e-001 0.000000e+000
-2.696299e-001 -9.629640e-001 0.000000e+000
-2.911616e-001 -9.566739e-001 0.000000e+000
-3.162278e-001 -9.486833e-001 0.000000e+000
-3.457054e-001 -9.383431e-001 0.000000e+000
-3.807498e-001 -9.246781e-001 0.000000e+000
-4.228855e-001 -9.061831e-001 0.000000e+000
-4.740998e-001 -8.804711e-001 0.000000e+000
-5.368755e-001 -8.436615e-001 0.000000e+000
-6.139406e-001 -7.893522e-001 0.000000e+000
-7.071068e-001 -7.071068e-001 0.000000e+000
-8.137335e-001 -5.812382e-001 0.000000e+000
-9.191450e-001 -3.939193e-001 0.000000e+000
-9.899495e-001 -1.414214e-001 0.000000e+000
-9.899495e-001 1.414214e-001 0.000000e+000
-9.191450e-001 3.939193e-001 0.000000e+000
-8.137335e-001 5.812382e-001 0.000000e+000
-7.071068e-001 7.071068e-001 0.000000e+000
-6.139406e-001 7.893522e-001 0.000000e+000
-5.368755e-001 8.436615e-001 0.000000e+000
-4.740998e-001 8.804711e-001 0.000000e+000
-4.228855e-001 9.061831e-001 0.000000e+000
-3.807498e-001 9.246781e-001 0.000000e+000
-3.457054e-001 9.383431e-001 0.000000e+000
-3.162278e-001 9.486833e-001 0.000000e+000
-2.911616e-001 9.566739e-001 0.000000e+000
-2.696299e-001 9.629640e-001 0.000000e+000
-2.509622e-001 9.679969e-001 0.000000e+000
-2.346405e-001 9.720822e-001 0.000000e+000
-2.202609e-001 9.754410e-001 0.000000e+000
-2.075042e-001 9.782341e-001 0.000000e+000
-1.961161e-001 9.805807e-001 0.000000e+000
-1.858917e-001 9.825702e-001 0.000000e+000
-1.766641e-001 9.842712e-001 0.000000e+000
-1.682965e-001 9.857364e-001 0.000000e+000
-1.606756e-001 9.870073e-001 0.000000e+000
-1.537070e-001 9.881165e-001 0.000000e+000
-1.473113e-001 9.890902e-001 0.000000e+000
-1.880723e-001 -9.821552e-001 0.000000e+000
-1.961161e-001 -9.805807e-001 0.000000e+000
-2.048632e-001 -9.787906e-001 0.000000e+000
-2.144073e-001 -9.767443e-001 0.000000e+000
-2.248595e-001 -9.743912e-001 0.000000e+000
-2.363516e-001 -9.716676e-001 0.000000e+000
-2.490410e-001 -9.684929e-001 0.000000e+000
-2.631174e-001 -9.647638e-001 0.000000e+000
-2.788102e-001 -9.603462e-001 0.000000e+000
-2.963992e-001 -9.550641e-001 0.000000e+000
-3.162278e-001 -9.486833e-001 0.000000e+000
-3.387195e-001 -9.408874e-001 0.000000e+000
-3.643993e-001 -9.312428e-001 0.000000e+000
-3.939193e-001 -9.191450e-001 0.000000e+000
-4.280863e-001 -9.037378e-001 0.000000e+000
-4.678877e-001 -8.837879e-001 0.000000e+000
-5.144958e-001 -8.574929e-001 0.000000e+000
-5.692100e-001 -8.221922e-001 0.000000e+000
-6.332378e-001 -7.739573e-001 0.000000e+000
-7.071068e-001 -7.071068e-001 0.000000e+000
-7.893522e-001 -6.139406e-001 0.000000e+000
-8.741573e-001 -4.856429e-001 0.000000e+000
-9.486833e-001 -3.162278e-001 0.000000e+000
-9.938837e-001 -1.104315e-001 0.000000e+000
-9.938837e-001 1.104315e-001 0.000000e+000
-9.486833e-001 3.162278e-001 0.000000e+000
-8.741573e-001 4.856429e-001 0.000000e+000
-7.893522e-001 6.139406e-001 0.000000e+000
-7.071068e-001 7.071068e-001 0.000000e+000
-6.332378e-001 7.739573e-001 0.000000e+000
-5.692100e-001 8.221922e-001 0.000000e+000
-5.144958e-001 8.574929e-001 0.000000e+000
-4.678877e-001 8.837879e-001 0.000000e+000
-4.280863e-001 9.037378e-001 0.000000e+000
-3.939193e-001 9.191450e-001 0.000000e+000
-3.643993e-001 9.312428e-001 0.000000e+000
-3.387195e-001 9.408874e-001 0.000000e+000
-3.162278e-001 9.486833e-001 0.000000e+000
-2.963992e-001 9.550641e-001 0.000000e+000
-2.788102e-001 9.603462e-001 0.000000e+000
-2.631174e-001 9.647638e-001 0.000000e+000
-2.490410e-001 9.684929e-001 0.000000e+000
-2.363516e-001 9.716676e-001 0.000000e+000
-2.248595e-001 9.743912e-001 0.000000e+000
-2.144073e-001 9.767443e-001 0.000000e+000
-2.048632e-001 9.787906e-001 0.000000e+000
-1.961161e-001 9.805807e-001 0.000000e+000
-1.880723e-001 9.821552e-001 0.000000e+000
-2.278845e-001 -9.736882e-001 0.000000e+000
-2.374531e-001 -9.713990e-001 0.000000e+000
-2.478332e-001 -9.688027e-001 0.000000e+000
-2.591286e-001 -9.658428e-001 0.000000e+000
-2.714602e-001 -9.624497e-001 0.000000e+000
-2.849703e-001 -9.585364e-001 0.000000e+000
-2.998266e-001 -9.539937e-001 0.000000e+000
-3.162278e-001 -9.486833e-001 0.000000e+000
-3.344098e-001 -9.424277e-001 0.000000e+000
-3.546542e-001 -9.349975e-001 0.000000e+000
-3.772969e-001 -9.260924e-001 0.000000e+000
-4.027386e-001 -9.153150e-001 0.000000e+000
-4.314555e-001 -9.021342e-001 0.000000e+000
-4.640070e-001 -8.858315e-001 0.000000e+000
-5.010363e-001 -8.654263e-001 0.000000e+000
-5.432513e-001 -8.395702e-001 0.000000e+000
-5.913637e-001 -8.064050e-001 0.000000e+000
-6.459422e-001 -7.633863e-001 0.000000e+000
-7.071068e-001 -7.071068e-001 0.000000e+000
-7.739573e-001 -6.332378e-001 0.000000e+000
-8.436615e-001 -5.368755e-001 0.000000e+000
-9.103665e-001 -4.138029e-001 0.000000e+000
-9.647638e-001 -2.631174e-001 0.000000e+000
-9.958932e-001 -9.053575e-002 0.000000e+000
-9.958932e-001 9.053575e-002 0.000000e+000
-9.647638e-001 2.631174e-001 0.000000e+000
-9.103665e-001 4.138029e-001 0.000000e+000
-8.436615e-001 5.368755e-001 0.000000e+000
-7.739573e-001 6.332378e-001 0.000000e+000
-7.071068e-001 7.071068e-001 0.000000e+000
-6.459422e-001 7.633863e-001 0.000000e+000
-5.913637e-001 8.064050e-001 0.000000e+000
-5.432513e-001 8.395702e-001 0.000000e+000
-5.010363e-001 8.654263e-001 0.000000e+000
-4.640070e-001 8.858315e-001 0.000000e+000
-4.314555e-001 9.021342e-001 0.000000e+000
-4.027386e-001 9.153150e-001 0.000000e+000
-3.772969e-001 9.260924e-001 0.000000e+000
-3.546542e-001 9.349975e-001 0.000000e+000
-3.344098e-001 9.424277e-001 0.000000e+000
-3.162278e-001 9.486833e-001 0.000000e+000
-2.998266e-001 9.539937e-001 0.000000e+000
-2.849703e-001 9.585364e-001 0.000000e+000
-2.714602e-001 9.624497e-001 0.000000e+000
-2.591286e-001 9.658428e-001 0.000000e+000
-2.478332e-001 9.688027e-001 0.000000e+000
-2.374531e-001 9.713990e-001 0.000000e+000
-2.278845e-001 9.736882e-001 0.000000e+000
-2.665861e-001 -9.638111e-001 0.000000e+000
-2.775397e-001 -9.607142e-001 0.000000e+000
-2.893895e-001 -9.572114e-001 0.000000e+000
-3.022439e-001 -9.532306e-001 0.000000e+000
-3.162278e-001 -9.486833e-001 0.000000e+000
-3.314860e-001 -9.434601e-001 0.000000e+000
-3.481865e-001 -9.374253e-001 0.000000e+000
-3.665245e-001 -9.304084e-001 0.000000e+000
-3.867267e-001 -9.221944e-001 0.000000e+000
-4.090559e-001 -9.125093e-001 0.000000e+000
-4.338156e-001 -9.010017e-001 0.000000e+000
-4.613527e-001 -8.872168e-001 0.000000e+000
-4.920573e-001 -8.705628e-001 0.000000e+000
-5.263546e-001 -8.502651e-001 0.000000e+000
-5.646839e-001 -8.253073e-001 0.000000e+000
-6.074501e-001 -7.943578e-001 0.000000e+000
-6.549305e-001 -7.556891e-001 0.000000e+000
-7.071068e-001 -7.071068e-001 0.000000e+000
-7.633863e-001 -6.459422e-001 0.000000e+000
-8.221922e-001 -5.692100e-001 0.000000e+000
-8.804711e-001 -4.740998e-001 0.000000e+000
-9.333456e-001 -3.589791e-001 0.000000e+000
-9.743912e-001 -2.248595e-001 0.000000e+000
-9.970545e-001 -7.669650e-002 0.000000e+000
-9.970545e-001 7.669650e-002 0.000000e+000
-9.743912e-001 2.248595e-001 0.000000e+000
-9.333456e-001 3.589791e-001 0.000000e+000
-8.804711e-001 4.740998e-001 0.000000e+000
-8.221922e-001 5.692100e-001 0.000000e+000
-7.633863e-001 6.459422e-001 0.000000e+000
-7.071068e-001 7.071068e-001 0.000000e+000
-6.549305e-001 7.556891e-001 0.000000e+000
-6.074501e-001 7.943578e-001 0.000000e+000
-5.646839e-001 8.253073e-001 0.000000e+000
-5.263546e-001 8.502651e-001 0.000000e+000
-4.920573e-001 8.705628e-001 0.000000e+000
-4.613527e-001 8.872168e-001 0.000000e+000
-4.338156e-001 9.010017e-001 0.000000e+000
-4.090559e-001 9.125093e-001 0.000000e+000
-3.867267e-001 9.221944e-001 0.000000e+000
-3.665245e-001 9.304084e-001 0.000000e+000
-3.481865e-001 9.374253e-001 0.000000e+000
-3.314860e-001 9.434601e-001 0.000000e+000
-3.162278e-001 9.486833e-001 0.000000e+000
-3.022439e-001 9.532306e-001 0.000000e+000
-2.893895e-001 9.572114e-001 0.000000e+000
-2.775397e-001 9.607142e-001 0.000000e+000
-2.665861e-001 9.638111e-001 0.000000e+000
-3.040402e-001 -9.526592e-001 0.000000e+000
-3.162278e-001 -9.486833e-001 0.000000e+000
-3.293722e-001 -9.442002e-001 0.000000e+000
-3.435815e-001 -9.391229e-001 0.000000e+000
-3.589791e-001 -9.333456e-001 0.000000e+000
-3.757051e-001 -9.267393e-001 0.000000e+000
-3.939193e-001 -9.191450e-001 0.000000e+000
-4.138029e-001 -9.103665e-001 0.000000e+000
-4.355609e-001 -9.001593e-001 0.000000e+000
-4.594229e-001 -8.882176e-001 0.000000e+000
-4.856429e-001 -8.741573e-001 0.000000e+000
-5.144958e-001 -8.574929e-001 0.000000e+000
-5.462678e-001 -8.376106e-001 0.000000e+000
-5.812382e-001 -8.137335e-001 0.000000e+000
-6.196443e-001 -7.848828e-001 0.000000e+000
-6.616216e-001 -7.498379e-001 0.000000e+000
-7.071068e-001 -7.071068e-001 0.000000e+000
-7.556891e-001 -6.549305e-001 0.000000e+000
-8.064050e-001 -5.913637e-001 0.000000e+000
-8.574929e-001 -5.144958e-001 0.000000e+000
-9.061831e-001 -4.228855e-001 0.000000e+000
-9.486833e-001 -3.162278e-001 0.000000e+000
-9.805807e-001 -1.961161e-001 0.000000e+000
-9.977852e-001 -6.651901e-002 0.000000e+000
-9.977852e-001 6.651901e-002 0.000000e+000
-9.805807e-001 1.961161e-001 0.000000e+000
-9.486833e-001 3.162278e-001 0.000000e+000
-9.061831e-001 4.228855e-001 0.000000e+000
-8.574929e-001 5.144958e-001 0.000000e+000
-8.064050e-001 5.913637e-001 0.000000e+000
-7.556891e-001 6.549305e-001 0.000000e+000
-7.071068e-001 7.071068e-001 0.000000e+000
-6.616216e-001 7.498379e-001 0.000000e+000
-6.196443e-001 7.848828e-001 0.000000e+000
-5.812382e-001 8.137335e-001 0.000000e+000
-5.462678e-001 8.376106e-001 0.000000e+000
-5.144958e-001 8.574929e-001 0.000000e+000
-4.856429e-001 8.741573e-001 0.000000e+000
-4.594229e-001 8.882176e-001 0.000000e+000
-4.355609e-001 9.001593e-001 0.000000e+000
-4.138029e-001 9.103665e-001 0.000000e+000
-3.939193e-001 9.191450e-001 0.000000e+000
-3.757051e-001 9.267393e-001 0.000000e+000
-3.589791e-001 9.333456e-001 0.000000e+000
-3.435815e-001 9.391229e-001 0.000000e+000
-3.293722e-001 9.442002e-001 0.000000e+000
-3.162278e-001 9.486833e-001 0.000000e+000
-3.040402e-001 9.526592e-001 0.000000e+000
-----------------------------------------
