0.0000 0.0000 0.0000 0.0000 0.0000 0.0000 0.0000 0.0000 0.0000 0.0000 0.0000 0.0000 
0.0385 0.0769 0.0769 0.0749 0.0705 0.0650 0.0594 0.0540 0.0490 0.0444 0.0403 0.0365 
0.0769 0.1538 0.1535 0.1493 0.1402 0.1291 0.1179 0.1072 0.0973 0.0882 0.0800 0.0725 
0.1154 0.2308 0.2302 0.2227 0.2084 0.1916 0.1748 0.1589 0.1442 0.1307 0.1185 0.1074 
0.1538 0.3077 0.3061 0.2942 0.2741 0.2516 0.2293 0.2083 0.1890 0.1713 0.1553 0.1407 
0.1923 0.3846 0.3817 0.3634 0.3367 0.3082 0.2805 0.2547 0.2310 0.2094 0.1898 0.1720 
0.2308 0.4615 0.4550 0.4287 0.3950 0.3606 0.3278 0.2975 0.2698 0.2445 0.2216 0.2008 
0.2692 0.5385 0.5267 0.4897 0.4482 0.4080 0.3704 0.3360 0.3046 0.2760 0.2501 0.2267 
0.3077 0.6154 0.5925 0.5442 0.4953 0.4496 0.4077 0.3696 0.3349 0.3035 0.2750 0.2492 
0.3462 0.6923 0.6539 0.5919 0.5354 0.4848 0.4391 0.3978 0.3604 0.3266 0.2959 0.2682 
0.3846 0.7692 0.7035 0.6301 0.5675 0.5128 0.4641 0.4202 0.3807 0.3449 0.3125 0.2832 
0.4231 0.8462 0.7443 0.6590 0.5912 0.5333 0.4822 0.4365 0.3954 0.3582 0.3245 0.2940 
0.4615 0.9231 0.7670 0.6762 0.6055 0.5456 0.4932 0.4464 0.4043 0.3662 0.3318 0.3006 
0.5000 1.0000 0.7774 0.6825 0.6104 0.5498 0.4969 0.4497 0.4072 0.3689 0.3342 0.3029 
0.5385 0.9231 0.7670 0.6762 0.6055 0.5456 0.4932 0.4464 0.4043 0.3662 0.3318 0.3006 
0.5769 0.8462 0.7443 0.6590 0.5912 0.5333 0.4822 0.4365 0.3954 0.3582 0.3245 0.2940 
0.6154 0.7692 0.7035 0.6301 0.5675 0.5128 0.4641 0.4202 0.3807 0.3449 0.3125 0.2832 
0.6538 0.6923 0.6539 0.5919 0.5354 0.4848 0.4391 0.3978 0.3604 0.3266 0.2959 0.2682 
0.6923 0.6154 0.5925 0.5442 0.4953 0.4496 0.4077 0.3696 0.3349 0.3035 0.2750 0.2492 
0.7308 0.5385 0.5267 0.4897 0.4482 0.4080 0.3704 0.3360 0.3046 0.2760 0.2501 0.2267 
0.7692 0.4615 0.4550 0.4287 0.3950 0.3606 0.3278 0.2975 0.2698 0.2445 0.2216 0.2008 
0.8077 0.3846 0.3817 0.3634 0.3367 0.3082 0.2805 0.2547 0.2310 0.2094 0.1898 0.1720 
0.8462 0.3077 0.3061 0.2942 0.2741 0.2516 0.2293 0.2083 0.1890 0.1713 0.1553 0.1407 
0.8846 0.2308 0.2302 0.2227 0.2084 0.1916 0.1748 0.1589 0.1442 0.1307 0.1185 0.1074 
0.9231 0.1538 0.1535 0.1493 0.1402 0.1291 0.1179 0.1072 0.0973 0.0882 0.0800 0.0725 
0.9615 0.0769 0.0769 0.0749 0.0705 0.0650 0.0594 0.0540 0.0490 0.0444 0.0403 0.0365 
1.0000 0.0000 0.0000 0.0000 0.0000 0.0000 0.0000 0.0000 0.0000 0.0000 0.0000 0.0000 
