0.0000 0.0000 0.0000 0.0000 0.0000 0.0000 0.0000 0.0000 0.0000 0.0000 0.0000 0.0000 
0.0370 0.0741 0.0741 0.0731 0.0722 0.0803 0.1272 0.3278 1.1327 4.3136 16.8404 66.1322 
0.0741 0.1481 0.1476 0.1417 0.1263 0.0897 -0.0230 -0.4339 -2.0192 -8.2268 -32.6207 -128.5611 
0.1111 0.2222 0.2220 0.2173 0.2130 0.2340 0.3637 0.9221 3.1648 12.0301 46.9448 184.3335 
0.1481 0.2963 0.2944 0.2798 0.2486 0.1806 -0.0229 -0.7590 -3.5939 -14.6899 -58.2896 -229.7618 
0.1852 0.3704 0.3684 0.3547 0.3428 0.3684 0.5501 1.3447 4.5457 17.2073 67.0806 263.3371 
0.2222 0.4444 0.4377 0.4093 0.3626 0.2726 0.0176 -0.8906 -4.3751 -18.0018 -71.5345 -282.0626 
0.2593 0.5185 0.5091 0.4787 0.4539 0.4727 0.6629 1.5205 4.9951 18.7561 72.9751 286.3461 
0.2963 0.5926 0.5717 0.5230 0.4623 0.3630 0.1051 -0.7869 -4.1841 -17.4465 -69.5275 -274.3280 
0.3333 0.6667 0.6346 0.5804 0.5391 0.5400 0.6921 1.4247 4.4289 16.3574 63.3839 248.4743 
0.3704 0.7407 0.6839 0.6120 0.5411 0.4460 0.2334 -0.4586 -3.0512 -13.1327 -52.6871 -208.1959 
0.4074 0.8148 0.7285 0.6502 0.5925 0.5675 0.6420 1.0875 2.9763 10.5295 40.3545 157.7850 
0.4444 0.8889 0.7563 0.6667 0.5922 0.5136 0.3842 0.0326 -1.2099 -5.9715 -24.5896 -97.7291 
0.4815 0.9630 0.7727 0.6801 0.6103 0.5568 0.5304 0.5870 0.9523 2.5176 8.7911 33.5753 
0.5185 0.9630 0.7727 0.6801 0.6103 0.5568 0.5304 0.5870 0.9523 2.5176 8.7911 33.5753 
0.5556 0.8889 0.7563 0.6667 0.5922 0.5136 0.3842 0.0326 -1.2099 -5.9715 -24.5896 -97.7291 
0.5926 0.8148 0.7285 0.6502 0.5925 0.5675 0.6420 1.0875 2.9763 10.5295 40.3545 157.7850 
0.6296 0.7407 0.6839 0.6120 0.5411 0.4460 0.2334 -0.4586 -3.0512 -13.1327 -52.6871 -208.1959 
0.6667 0.6667 0.6346 0.5804 0.5391 0.5400 0.6921 1.4247 4.4289 16.3574 63.3839 248.4743 
0.7037 0.5926 0.5717 0.5230 0.4623 0.3630 0.1051 -0.7869 -4.1841 -17.4465 -69.5275 -274.3280 
0.7407 0.5185 0.5091 0.4787 0.4539 0.4727 0.6629 1.5205 4.9951 18.7561 72.9751 286.3461 
0.7778 0.4444 0.4377 0.4093 0.3626 0.2726 0.0176 -0.8906 -4.3751 -18.0018 -71.5345 -282.0626 
0.8148 0.3704 0.3684 0.3547 0.3428 0.3684 0.5501 1.3447 4.5457 17.2073 67.0806 263.3371 
0.8519 0.2963 0.2944 0.2798 0.2486 0.1806 -0.0229 -0.7590 -3.5939 -14.6899 -58.2896 -229.7618 
0.8889 0.2222 0.2220 0.2173 0.2130 0.2340 0.3637 0.9221 3.1648 12.0301 46.9448 184.3335 
0.9259 0.1481 0.1476 0.1417 0.1263 0.0897 -0.0230 -0.4339 -2.0192 -8.2268 -32.6207 -128.5611 
0.9630 0.0741 0.0741 0.0731 0.0722 0.0803 0.1272 0.3278 1.1327 4.3136 16.8404 66.1322 
1.0000 0.0000 0.0000 0.0000 0.0000 0.0000 0.0000 0.0000 0.0000 0.0000 0.0000 0.0000 
