0.0000 0.0000 0.0000 0.0000 0.0000 0.0000 0.0000 0.0000 0.0000 0.0000 0.0000 0.0000 
0.1000 0.2000 0.1298 0.0654 0.0329 0.0165 0.0083 0.0042 0.0021 0.0011 0.0005 0.0003 
0.2000 0.4000 0.2365 0.1196 0.0604 0.0305 0.0154 0.0078 0.0039 0.0020 0.0010 0.0005 
0.3000 0.6000 0.3405 0.1712 0.0861 0.0433 0.0218 0.0110 0.0055 0.0028 0.0014 0.0007 
0.4000 0.8000 0.3833 0.1936 0.0978 0.0494 0.0249 0.0126 0.0064 0.0032 0.0016 0.0008 
0.5000 1.0000 0.4213 0.2116 0.1064 0.0535 0.0269 0.0135 0.0068 0.0034 0.0017 0.0009 
0.6000 0.8000 0.3833 0.1936 0.0978 0.0494 0.0249 0.0126 0.0064 0.0032 0.0016 0.0008 
0.7000 0.6000 0.3405 0.1712 0.0861 0.0433 0.0218 0.0110 0.0055 0.0028 0.0014 0.0007 
0.8000 0.4000 0.2365 0.1196 0.0604 0.0305 0.0154 0.0078 0.0039 0.0020 0.0010 0.0005 
0.9000 0.2000 0.1298 0.0654 0.0329 0.0165 0.0083 0.0042 0.0021 0.0011 0.0005 0.0003 
1.0000 0.0000 0.0000 0.0000 0.0000 0.0000 0.0000 0.0000 0.0000 0.0000 0.0000 0.0000 
