0.0000 0.0000 0.0000 0.0000 0.0000 0.0000 0.0000 0.0000 0.0000 0.0000 0.0000 0.0000 
0.1000 0.2000 0.1309 0.0670 0.0346 0.0183 0.0099 0.0056 0.0033 0.0020 0.0013 0.0009 
0.2000 0.4000 0.2298 0.1119 0.0535 0.0249 0.0109 0.0043 0.0012 -0.0002 -0.0007 -0.0008 
0.3000 0.6000 0.3432 0.1753 0.0907 0.0478 0.0259 0.0146 0.0086 0.0053 0.0035 0.0024 
0.4000 0.8000 0.3725 0.1811 0.0866 0.0402 0.0177 0.0069 0.0019 -0.0003 -0.0011 -0.0013 
0.5000 1.0000 0.4246 0.2167 0.1121 0.0591 0.0320 0.0180 0.0106 0.0066 0.0043 0.0030 
0.6000 0.8000 0.3725 0.1811 0.0866 0.0402 0.0177 0.0069 0.0019 -0.0003 -0.0011 -0.0013 
0.7000 0.6000 0.3432 0.1753 0.0907 0.0478 0.0259 0.0146 0.0086 0.0053 0.0035 0.0024 
0.8000 0.4000 0.2298 0.1119 0.0535 0.0249 0.0109 0.0043 0.0012 -0.0002 -0.0007 -0.0008 
0.9000 0.2000 0.1309 0.0670 0.0346 0.0183 0.0099 0.0056 0.0033 0.0020 0.0013 0.0009 
1.0000 0.0000 0.0000 0.0000 0.0000 0.0000 0.0000 0.0000 0.0000 0.0000 0.0000 0.0000 
