0.0000 0.0000 0.0000 0.0000 0.0000 0.0000 0.0000 0.0000 0.0000 0.0000 0.0000 0.0000 
0.1000 0.2000 0.2000 0.1993 0.1972 0.1933 0.1880 0.1818 0.1749 0.1678 0.1607 0.1535 
0.2000 0.4000 0.3990 0.3956 0.3881 0.3772 0.3643 0.3503 0.3359 0.3213 0.3070 0.2930 
0.3000 0.6000 0.5979 0.5819 0.5605 0.5372 0.5136 0.4903 0.4677 0.4458 0.4249 0.4048 
0.4000 0.8000 0.7677 0.7267 0.6868 0.6498 0.6157 0.5843 0.5550 0.5275 0.5017 0.4774 
0.5000 1.0000 0.8708 0.7932 0.7371 0.6918 0.6526 0.6176 0.5857 0.5561 0.5285 0.5025 
0.6000 0.8000 0.7677 0.7267 0.6868 0.6498 0.6157 0.5843 0.5550 0.5275 0.5017 0.4774 
0.7000 0.6000 0.5979 0.5819 0.5605 0.5372 0.5136 0.4903 0.4677 0.4458 0.4249 0.4048 
0.8000 0.4000 0.3990 0.3956 0.3881 0.3772 0.3643 0.3503 0.3359 0.3213 0.3070 0.2930 
0.9000 0.2000 0.2000 0.1993 0.1972 0.1933 0.1880 0.1818 0.1749 0.1678 0.1607 0.1535 
1.0000 0.0000 0.0000 0.0000 0.0000 0.0000 0.0000 0.0000 0.0000 0.0000 0.0000 0.0000 
