0.0000 0.0000 0.0000 0.0000 0.0000 0.0000 0.0000 0.0000 0.0000 0.0000 0.0000 0.0000 
0.1000 0.2000 0.2000 0.2051 0.2107 0.2201 0.2393 0.2763 0.3437 0.4610 0.6602 0.9930 
0.2000 0.4000 0.3932 0.3650 0.3219 0.2633 0.1832 0.0687 -0.1019 -0.3655 -0.7821 -1.4504 
0.3000 0.6000 0.6068 0.5951 0.5881 0.5985 0.6399 0.7316 0.9049 1.2103 1.7305 2.6011 
0.4000 0.8000 0.7061 0.6206 0.5320 0.4288 0.2957 0.1095 -0.1668 -0.5930 -1.2668 -2.3479 
0.5000 1.0000 0.8677 0.7947 0.7587 0.7578 0.8015 0.9107 1.1225 1.4984 2.1406 3.2161 
0.6000 0.8000 0.7061 0.6206 0.5320 0.4288 0.2957 0.1095 -0.1668 -0.5930 -1.2668 -2.3479 
0.7000 0.6000 0.6068 0.5951 0.5881 0.5985 0.6399 0.7316 0.9049 1.2103 1.7305 2.6011 
0.8000 0.4000 0.3932 0.3650 0.3219 0.2633 0.1832 0.0687 -0.1019 -0.3655 -0.7821 -1.4504 
0.9000 0.2000 0.2000 0.2051 0.2107 0.2201 0.2393 0.2763 0.3437 0.4610 0.6602 0.9930 
1.0000 0.0000 0.0000 0.0000 0.0000 0.0000 0.0000 0.0000 0.0000 0.0000 0.0000 0.0000 
