0.0000 0.0000 0.0000 0.0000 0.0000 0.0000 0.0000 0.0000 0.0000 0.0000 0.0000 0.0000 
0.1000 0.2000 0.2000 0.1999 0.1995 0.1986 0.1971 0.1950 0.1923 0.1891 0.1856 0.1818 
0.2000 0.4000 0.3999 0.3991 0.3969 0.3932 0.3882 0.3819 0.3748 0.3671 0.3588 0.3504 
0.3000 0.6000 0.5990 0.5937 0.5846 0.5731 0.5602 0.5465 0.5324 0.5183 0.5042 0.4903 
0.4000 0.8000 0.7872 0.7634 0.7373 0.7118 0.6875 0.6646 0.6429 0.6224 0.6029 0.5843 
0.5000 1.0000 0.9079 0.8479 0.8034 0.7672 0.7361 0.7085 0.6832 0.6599 0.6381 0.6176 
0.6000 0.8000 0.7872 0.7634 0.7373 0.7118 0.6875 0.6646 0.6429 0.6224 0.6029 0.5843 
0.7000 0.6000 0.5990 0.5937 0.5846 0.5731 0.5602 0.5465 0.5324 0.5183 0.5042 0.4903 
0.8000 0.4000 0.3999 0.3991 0.3969 0.3932 0.3882 0.3819 0.3748 0.3671 0.3588 0.3504 
0.9000 0.2000 0.2000 0.1999 0.1995 0.1986 0.1971 0.1950 0.1923 0.1891 0.1856 0.1818 
1.0000 0.0000 0.0000 0.0000 0.0000 0.0000 0.0000 0.0000 0.0000 0.0000 0.0000 0.0000 
