0.0000 0.0000 0.0000 0.0000 0.0000 0.0000 0.0000 0.0000 0.0000 0.0000 0.0000 0.0000 
0.1000 0.2000 0.2000 0.2004 0.1963 0.1889 0.1795 0.1695 0.1593 0.1494 0.1399 0.1309 
0.2000 0.4000 0.3958 0.3828 0.3650 0.3449 0.3241 0.3035 0.2836 0.2646 0.2467 0.2298 
0.3000 0.6000 0.6016 0.5772 0.5455 0.5124 0.4801 0.4493 0.4201 0.3928 0.3671 0.3432 
0.4000 0.8000 0.7311 0.6724 0.6213 0.5757 0.5345 0.4968 0.4621 0.4300 0.4002 0.3725 
0.5000 1.0000 0.8592 0.7693 0.7027 0.6483 0.6015 0.5597 0.5217 0.4868 0.4545 0.4246 
0.6000 0.8000 0.7311 0.6724 0.6213 0.5757 0.5345 0.4968 0.4621 0.4300 0.4002 0.3725 
0.7000 0.6000 0.6016 0.5772 0.5455 0.5124 0.4801 0.4493 0.4201 0.3928 0.3671 0.3432 
0.8000 0.4000 0.3958 0.3828 0.3650 0.3449 0.3241 0.3035 0.2836 0.2646 0.2467 0.2298 
0.9000 0.2000 0.2000 0.2004 0.1963 0.1889 0.1795 0.1695 0.1593 0.1494 0.1399 0.1309 
1.0000 0.0000 0.0000 0.0000 0.0000 0.0000 0.0000 0.0000 0.0000 0.0000 0.0000 0.0000 
