0.0000 0.0000 0.0000 0.0000 0.0000 0.0000 0.0000 0.0000 0.0000 0.0000 0.0000 0.0000 
0.1000 0.2000 0.2000 0.2010 0.1977 0.1909 0.1824 0.1733 0.1641 0.1554 0.1473 0.1398 
0.2000 0.4000 0.3953 0.3800 0.3594 0.3364 0.3128 0.2894 0.2667 0.2448 0.2238 0.2037 
0.3000 0.6000 0.6025 0.5792 0.5489 0.5176 0.4874 0.4590 0.4327 0.4085 0.3864 0.3664 
0.4000 0.8000 0.7262 0.6637 0.6090 0.5598 0.5148 0.4731 0.4342 0.3976 0.3630 0.3301 
0.5000 1.0000 0.8602 0.7717 0.7068 0.6546 0.6103 0.5716 0.5371 0.5061 0.4783 0.4532 
0.6000 0.8000 0.7262 0.6637 0.6090 0.5598 0.5148 0.4731 0.4342 0.3976 0.3630 0.3301 
0.7000 0.6000 0.6025 0.5792 0.5489 0.5176 0.4874 0.4590 0.4327 0.4085 0.3864 0.3664 
0.8000 0.4000 0.3953 0.3800 0.3594 0.3364 0.3128 0.2894 0.2667 0.2448 0.2238 0.2037 
0.9000 0.2000 0.2000 0.2010 0.1977 0.1909 0.1824 0.1733 0.1641 0.1554 0.1473 0.1398 
1.0000 0.0000 0.0000 0.0000 0.0000 0.0000 0.0000 0.0000 0.0000 0.0000 0.0000 0.0000 
