0.0000 0.0000 0.0000 0.0000 0.0000 0.0000 0.0000 0.0000 0.0000 0.0000 0.0000 0.0000 
0.1000 0.2000 0.2000 0.1992 0.1955 0.1895 0.1820 0.1736 0.1650 0.1564 0.1480 0.1398 
0.2000 0.4000 0.3978 0.3919 0.3809 0.3664 0.3500 0.3328 0.3154 0.2985 0.2820 0.2663 
0.3000 0.6000 0.5986 0.5763 0.5483 0.5193 0.4908 0.4635 0.4375 0.4128 0.3894 0.3673 
0.4000 0.8000 0.7532 0.7058 0.6616 0.6210 0.5836 0.5490 0.5169 0.4869 0.4588 0.4324 
0.5000 1.0000 0.8608 0.7746 0.7120 0.6616 0.6184 0.5800 0.5450 0.5128 0.4829 0.4550 
0.6000 0.8000 0.7532 0.7058 0.6616 0.6210 0.5836 0.5490 0.5169 0.4869 0.4588 0.4324 
0.7000 0.6000 0.5986 0.5763 0.5483 0.5193 0.4908 0.4635 0.4375 0.4128 0.3894 0.3673 
0.8000 0.4000 0.3978 0.3919 0.3809 0.3664 0.3500 0.3328 0.3154 0.2985 0.2820 0.2663 
0.9000 0.2000 0.2000 0.1992 0.1955 0.1895 0.1820 0.1736 0.1650 0.1564 0.1480 0.1398 
1.0000 0.0000 0.0000 0.0000 0.0000 0.0000 0.0000 0.0000 0.0000 0.0000 0.0000 0.0000 
