0.0000 0.0000 0.0000 0.0000 0.0000 0.0000 0.0000 0.0000 0.0000 0.0000 0.0000 0.0000 
0.1000 0.2000 0.2000 0.2000 0.1999 0.1997 0.1993 0.1986 0.1977 0.1965 0.1950 0.1933 
0.2000 0.4000 0.4000 0.3998 0.3991 0.3978 0.3959 0.3932 0.3900 0.3862 0.3819 0.3773 
0.3000 0.6000 0.5996 0.5976 0.5936 0.5879 0.5810 0.5731 0.5646 0.5557 0.5465 0.5371 
0.4000 0.8000 0.7937 0.7801 0.7636 0.7462 0.7288 0.7118 0.6955 0.6797 0.6646 0.6500 
0.5000 1.0000 0.9333 0.8851 0.8476 0.8169 0.7905 0.7672 0.7460 0.7266 0.7084 0.6914 
0.6000 0.8000 0.7937 0.7801 0.7636 0.7462 0.7288 0.7118 0.6955 0.6797 0.6646 0.6500 
0.7000 0.6000 0.5996 0.5976 0.5936 0.5879 0.5810 0.5731 0.5646 0.5557 0.5465 0.5371 
0.8000 0.4000 0.4000 0.3998 0.3991 0.3978 0.3959 0.3932 0.3900 0.3862 0.3819 0.3773 
0.9000 0.2000 0.2000 0.2000 0.1999 0.1997 0.1993 0.1986 0.1977 0.1965 0.1950 0.1933 
1.0000 0.0000 0.0000 0.0000 0.0000 0.0000 0.0000 0.0000 0.0000 0.0000 0.0000 0.0000 
