0.0000 0.0000 0.0000 0.0000 0.0000 0.0000 0.0000 0.0000 0.0000 0.0000 0.0000 0.0000 
0.1000 0.2000 0.2000 0.2000 0.2000 0.2000 0.2000 0.1999 0.1998 0.1997 0.1995 0.1993 
0.2000 0.4000 0.4000 0.4000 0.3999 0.3998 0.3995 0.3991 0.3986 0.3978 0.3969 0.3959 
0.3000 0.6000 0.5999 0.5996 0.5988 0.5976 0.5958 0.5936 0.5909 0.5879 0.5846 0.5810 
0.4000 0.8000 0.7982 0.7938 0.7876 0.7802 0.7721 0.7636 0.7549 0.7462 0.7374 0.7288 
0.5000 1.0000 0.9636 0.9333 0.9074 0.8850 0.8653 0.8476 0.8316 0.8169 0.8032 0.7905 
0.6000 0.8000 0.7982 0.7938 0.7876 0.7802 0.7721 0.7636 0.7549 0.7462 0.7374 0.7288 
0.7000 0.6000 0.5999 0.5996 0.5988 0.5976 0.5958 0.5936 0.5909 0.5879 0.5846 0.5810 
0.8000 0.4000 0.4000 0.4000 0.3999 0.3998 0.3995 0.3991 0.3986 0.3978 0.3969 0.3959 
0.9000 0.2000 0.2000 0.2000 0.2000 0.2000 0.2000 0.1999 0.1998 0.1997 0.1995 0.1993 
1.0000 0.0000 0.0000 0.0000 0.0000 0.0000 0.0000 0.0000 0.0000 0.0000 0.0000 0.0000 
