0.0000 0.0000 0.0000 0.0000 0.0000 0.0000 0.0000 0.0000 0.0000 0.0000 0.0000 0.0000 
0.1000 0.2000 0.2000 0.2014 0.1986 0.1926 0.1850 0.1770 0.1693 0.1623 0.1563 0.1515 
0.2000 0.4000 0.3950 0.3784 0.3560 0.3310 0.3050 0.2789 0.2531 0.2275 0.2022 0.1769 
0.3000 0.6000 0.6030 0.5806 0.5516 0.5220 0.4942 0.4687 0.4461 0.4266 0.4102 0.3970 
0.4000 0.8000 0.7236 0.6588 0.6017 0.5497 0.5013 0.4556 0.4118 0.3694 0.3278 0.2866 
0.5000 1.0000 0.8609 0.7734 0.7101 0.6601 0.6187 0.5836 0.5537 0.5285 0.5076 0.4911 
0.6000 0.8000 0.7236 0.6588 0.6017 0.5497 0.5013 0.4556 0.4118 0.3694 0.3278 0.2866 
0.7000 0.6000 0.6030 0.5806 0.5516 0.5220 0.4942 0.4687 0.4461 0.4266 0.4102 0.3970 
0.8000 0.4000 0.3950 0.3784 0.3560 0.3310 0.3050 0.2789 0.2531 0.2275 0.2022 0.1769 
0.9000 0.2000 0.2000 0.2014 0.1986 0.1926 0.1850 0.1770 0.1693 0.1623 0.1563 0.1515 
1.0000 0.0000 0.0000 0.0000 0.0000 0.0000 0.0000 0.0000 0.0000 0.0000 0.0000 0.0000 
