0.0000 0.0000 0.0000 0.0000 0.0000 0.0000 0.0000 0.0000 0.0000 0.0000 0.0000 0.0000 
0.1000 0.2000 0.2000 0.1997 0.1986 0.1965 0.1933 0.1891 0.1843 0.1791 0.1735 0.1678 
0.2000 0.4000 0.3996 0.3978 0.3932 0.3862 0.3773 0.3671 0.3560 0.3446 0.3330 0.3213 
0.3000 0.6000 0.5983 0.5882 0.5732 0.5557 0.5371 0.5183 0.4995 0.4812 0.4632 0.4458 
0.4000 0.8000 0.7787 0.7454 0.7115 0.6796 0.6500 0.6224 0.5966 0.5723 0.5494 0.5276 
0.5000 1.0000 0.8869 0.8179 0.7676 0.7267 0.6915 0.6599 0.6312 0.6045 0.5796 0.5561 
0.6000 0.8000 0.7787 0.7454 0.7115 0.6796 0.6500 0.6224 0.5966 0.5723 0.5494 0.5276 
0.7000 0.6000 0.5983 0.5882 0.5732 0.5557 0.5371 0.5183 0.4995 0.4812 0.4632 0.4458 
0.8000 0.4000 0.3996 0.3978 0.3932 0.3862 0.3773 0.3671 0.3560 0.3446 0.3330 0.3213 
0.9000 0.2000 0.2000 0.1997 0.1986 0.1965 0.1933 0.1891 0.1843 0.1791 0.1735 0.1678 
1.0000 0.0000 0.0000 0.0000 0.0000 0.0000 0.0000 0.0000 0.0000 0.0000 0.0000 0.0000 
