0.0000 0.0000 0.0000 0.0000 0.0000 0.0000 0.0000 0.0000 0.0000 0.0000 0.0000 0.0000 
0.1000 0.2000 0.2000 0.2007 0.1969 0.1897 0.1807 0.1709 0.1610 0.1515 0.1423 0.1337 
0.2000 0.4000 0.3955 0.3814 0.3623 0.3410 0.3191 0.2974 0.2764 0.2565 0.2376 0.2198 
0.3000 0.6000 0.6020 0.5781 0.5469 0.5145 0.4829 0.4529 0.4246 0.3982 0.3735 0.3506 
0.4000 0.8000 0.7287 0.6682 0.6154 0.5683 0.5256 0.4864 0.4502 0.4166 0.3854 0.3562 
0.5000 1.0000 0.8596 0.7703 0.7043 0.6508 0.6048 0.5640 0.5271 0.4934 0.4624 0.4337 
0.6000 0.8000 0.7287 0.6682 0.6154 0.5683 0.5256 0.4864 0.4502 0.4166 0.3854 0.3562 
0.7000 0.6000 0.6020 0.5781 0.5469 0.5145 0.4829 0.4529 0.4246 0.3982 0.3735 0.3506 
0.8000 0.4000 0.3955 0.3814 0.3623 0.3410 0.3191 0.2974 0.2764 0.2565 0.2376 0.2198 
0.9000 0.2000 0.2000 0.2007 0.1969 0.1897 0.1807 0.1709 0.1610 0.1515 0.1423 0.1337 
1.0000 0.0000 0.0000 0.0000 0.0000 0.0000 0.0000 0.0000 0.0000 0.0000 0.0000 0.0000 
