0.0000 0.0000 0.0000 0.0000 0.0000 0.0000 0.0000 0.0000 0.0000 0.0000 0.0000 0.0000 
0.1000 0.2000 0.2000 0.2001 0.1959 0.1883 0.1789 0.1687 0.1585 0.1485 0.1389 0.1298 
0.2000 0.4000 0.3960 0.3840 0.3673 0.3482 0.3282 0.3083 0.2890 0.2705 0.2530 0.2365 
0.3000 0.6000 0.6011 0.5765 0.5445 0.5111 0.4786 0.4475 0.4181 0.3905 0.3647 0.3405 
0.4000 0.8000 0.7334 0.6764 0.6265 0.5820 0.5418 0.5050 0.4711 0.4396 0.4105 0.3833 
0.5000 1.0000 0.8588 0.7686 0.7017 0.6470 0.5997 0.5576 0.5193 0.4841 0.4515 0.4213 
0.6000 0.8000 0.7334 0.6764 0.6265 0.5820 0.5418 0.5050 0.4711 0.4396 0.4105 0.3833 
0.7000 0.6000 0.6011 0.5765 0.5445 0.5111 0.4786 0.4475 0.4181 0.3905 0.3647 0.3405 
0.8000 0.4000 0.3960 0.3840 0.3673 0.3482 0.3282 0.3083 0.2890 0.2705 0.2530 0.2365 
0.9000 0.2000 0.2000 0.2001 0.1959 0.1883 0.1789 0.1687 0.1585 0.1485 0.1389 0.1298 
1.0000 0.0000 0.0000 0.0000 0.0000 0.0000 0.0000 0.0000 0.0000 0.0000 0.0000 0.0000 
