0.0000 0.0000 0.0000 0.0000 0.0000 0.0000 0.0000 0.0000 0.0000 0.0000 0.0000 0.0000 
0.0435 0.0870 0.0870 0.0870 0.0870 0.0870 0.0870 0.0870 0.0870 0.0870 0.0870 0.0870 
0.0870 0.1739 0.1739 0.1739 0.1739 0.1739 0.1739 0.1739 0.1739 0.1739 0.1739 0.1738 
0.1304 0.2609 0.2609 0.2609 0.2609 0.2609 0.2609 0.2609 0.2609 0.2609 0.2606 0.2606 
0.1739 0.3478 0.3478 0.3478 0.3478 0.3478 0.3478 0.3478 0.3478 0.3473 0.3473 0.3460 
0.2174 0.4348 0.4348 0.4348 0.4348 0.4348 0.4348 0.4348 0.4338 0.4337 0.4315 0.4313 
0.2609 0.5217 0.5217 0.5217 0.5217 0.5217 0.5217 0.5198 0.5195 0.5160 0.5154 0.5108 
0.3043 0.6087 0.6087 0.6087 0.6087 0.6087 0.6051 0.6042 0.5987 0.5973 0.5906 0.5890 
0.3478 0.6957 0.6957 0.6957 0.6957 0.6888 0.6868 0.6781 0.6752 0.6658 0.6627 0.6530 
0.3913 0.7826 0.7826 0.7826 0.7697 0.7652 0.7521 0.7465 0.7340 0.7284 0.7164 0.7110 
0.4348 0.8696 0.8696 0.8452 0.8352 0.8167 0.8068 0.7913 0.7822 0.7684 0.7600 0.7474 
0.4783 0.9565 0.9105 0.8889 0.8658 0.8496 0.8322 0.8188 0.8042 0.7926 0.7798 0.7693 
0.5217 0.9565 0.9105 0.8889 0.8658 0.8496 0.8322 0.8188 0.8042 0.7926 0.7798 0.7693 
0.5652 0.8696 0.8696 0.8452 0.8352 0.8167 0.8068 0.7913 0.7822 0.7684 0.7600 0.7474 
0.6087 0.7826 0.7826 0.7826 0.7697 0.7652 0.7521 0.7465 0.7340 0.7284 0.7164 0.7110 
0.6522 0.6957 0.6957 0.6957 0.6957 0.6888 0.6868 0.6781 0.6752 0.6658 0.6627 0.6530 
0.6957 0.6087 0.6087 0.6087 0.6087 0.6087 0.6051 0.6042 0.5987 0.5973 0.5906 0.5890 
0.7391 0.5217 0.5217 0.5217 0.5217 0.5217 0.5217 0.5198 0.5195 0.5160 0.5154 0.5108 
0.7826 0.4348 0.4348 0.4348 0.4348 0.4348 0.4348 0.4348 0.4338 0.4337 0.4315 0.4313 
0.8261 0.3478 0.3478 0.3478 0.3478 0.3478 0.3478 0.3478 0.3478 0.3473 0.3473 0.3460 
0.8696 0.2609 0.2609 0.2609 0.2609 0.2609 0.2609 0.2609 0.2609 0.2609 0.2606 0.2606 
0.9130 0.1739 0.1739 0.1739 0.1739 0.1739 0.1739 0.1739 0.1739 0.1739 0.1739 0.1738 
0.9565 0.0870 0.0870 0.0870 0.0870 0.0870 0.0870 0.0870 0.0870 0.0870 0.0870 0.0870 
1.0000 0.0000 0.0000 0.0000 0.0000 0.0000 0.0000 0.0000 0.0000 0.0000 0.0000 0.0000 
