0.0000 0.0000 0.0000 0.0000 0.0000 0.0000 0.0000 0.0000 0.0000 0.0000 0.0000 0.0000 
0.0417 0.0833 0.0833 0.0833 0.0833 0.0833 0.0833 0.0833 0.0833 0.0833 0.0833 0.0833 
0.0833 0.1667 0.1667 0.1667 0.1667 0.1667 0.1667 0.1667 0.1667 0.1667 0.1667 0.1667 
0.1250 0.2500 0.2500 0.2500 0.2500 0.2500 0.2500 0.2500 0.2500 0.2500 0.2500 0.2493 
0.1667 0.3333 0.3333 0.3333 0.3333 0.3333 0.3333 0.3333 0.3333 0.3333 0.3322 0.3338 
0.2083 0.4167 0.4167 0.4167 0.4167 0.4167 0.4167 0.4167 0.4167 0.4146 0.4171 0.4094 
0.2500 0.5000 0.5000 0.5000 0.5000 0.5000 0.5000 0.5000 0.4965 0.5002 0.4887 0.5024 
0.2917 0.5833 0.5833 0.5833 0.5833 0.5833 0.5833 0.5772 0.5828 0.5657 0.5841 0.5478 
0.3333 0.6667 0.6667 0.6667 0.6667 0.6667 0.6561 0.6641 0.6394 0.6631 0.6165 0.6674 
0.3750 0.7500 0.7500 0.7500 0.7500 0.7317 0.7428 0.7081 0.7372 0.6797 0.7373 0.6437 
0.4167 0.8333 0.8333 0.8333 0.8015 0.8160 0.7693 0.8026 0.7351 0.7963 0.6955 0.8006 
0.4583 0.9167 0.9167 0.8614 0.8782 0.8193 0.8535 0.7798 0.8392 0.7380 0.8361 0.6888 
0.5000 1.0000 0.9040 0.9186 0.8527 0.8821 0.8098 0.8602 0.7676 0.8501 0.7209 0.8537 
0.5417 0.9167 0.9167 0.8614 0.8782 0.8193 0.8535 0.7798 0.8392 0.7380 0.8361 0.6888 
0.5833 0.8333 0.8333 0.8333 0.8015 0.8160 0.7693 0.8026 0.7351 0.7963 0.6955 0.8006 
0.6250 0.7500 0.7500 0.7500 0.7500 0.7317 0.7428 0.7081 0.7372 0.6797 0.7373 0.6437 
0.6667 0.6667 0.6667 0.6667 0.6667 0.6667 0.6561 0.6641 0.6394 0.6631 0.6165 0.6674 
0.7083 0.5833 0.5833 0.5833 0.5833 0.5833 0.5833 0.5772 0.5828 0.5657 0.5841 0.5478 
0.7500 0.5000 0.5000 0.5000 0.5000 0.5000 0.5000 0.5000 0.4965 0.5002 0.4887 0.5024 
0.7917 0.4167 0.4167 0.4167 0.4167 0.4167 0.4167 0.4167 0.4167 0.4146 0.4171 0.4094 
0.8333 0.3333 0.3333 0.3333 0.3333 0.3333 0.3333 0.3333 0.3333 0.3333 0.3322 0.3338 
0.8750 0.2500 0.2500 0.2500 0.2500 0.2500 0.2500 0.2500 0.2500 0.2500 0.2500 0.2493 
0.9167 0.1667 0.1667 0.1667 0.1667 0.1667 0.1667 0.1667 0.1667 0.1667 0.1667 0.1667 
0.9583 0.0833 0.0833 0.0833 0.0833 0.0833 0.0833 0.0833 0.0833 0.0833 0.0833 0.0833 
1.0000 0.0000 0.0000 0.0000 0.0000 0.0000 0.0000 0.0000 0.0000 0.0000 0.0000 0.0000 
