0.0000 0.0000 0.0000 0.0000 0.0000 0.0000 0.0000 0.0000 0.0000 0.0000 0.0000 0.0000 
0.1000 0.2000 0.2000 0.2000 0.2000 0.2000 0.2000 0.2000 0.1999 0.1999 0.1998 0.1996 
0.2000 0.4000 0.4000 0.4000 0.4000 0.4000 0.3998 0.3996 0.3992 0.3986 0.3978 0.3968 
0.3000 0.6000 0.6000 0.6000 0.5996 0.5986 0.5971 0.5950 0.5924 0.5893 0.5859 0.5822 
0.4000 0.8000 0.8000 0.7960 0.7896 0.7818 0.7732 0.7643 0.7551 0.7460 0.7370 0.7281 
0.5000 1.0000 0.9600 0.9280 0.9016 0.8792 0.8597 0.8424 0.8268 0.8125 0.7992 0.7867 
0.6000 0.8000 0.8000 0.7960 0.7896 0.7818 0.7732 0.7643 0.7551 0.7460 0.7370 0.7281 
0.7000 0.6000 0.6000 0.6000 0.5996 0.5986 0.5971 0.5950 0.5924 0.5893 0.5859 0.5822 
0.8000 0.4000 0.4000 0.4000 0.4000 0.4000 0.3998 0.3996 0.3992 0.3986 0.3978 0.3968 
0.9000 0.2000 0.2000 0.2000 0.2000 0.2000 0.2000 0.2000 0.1999 0.1999 0.1998 0.1996 
1.0000 0.0000 0.0000 0.0000 0.0000 0.0000 0.0000 0.0000 0.0000 0.0000 0.0000 0.0000 
