#data is loaded
#t(ns) v(cm/s):
0.000000e+000 2.758647e-009
5.000000e-001 0.000000e+000
1.000000e+000 0.000000e+000
1.500000e+000 0.000000e+000
2.000000e+000 0.000000e+000
2.500000e+000 0.000000e+000
3.000000e+000 0.000000e+000
3.500000e+000 0.000000e+000
4.000000e+000 0.000000e+000
4.500000e+000 0.000000e+000
5.000000e+000 0.000000e+000
5.500000e+000 0.000000e+000
6.000000e+000 0.000000e+000
6.500000e+000 0.000000e+000
7.000000e+000 0.000000e+000
7.500000e+000 0.000000e+000
8.000000e+000 0.000000e+000
8.500000e+000 0.000000e+000
9.000000e+000 0.000000e+000
9.500000e+000 0.000000e+000
1.000000e+001 0.000000e+000
1.050000e+001 0.000000e+000
1.100000e+001 0.000000e+000
1.150000e+001 0.000000e+000
1.200000e+001 0.000000e+000
1.250000e+001 0.000000e+000
1.300000e+001 0.000000e+000
1.350000e+001 0.000000e+000
1.400000e+001 0.000000e+000
1.450000e+001 0.000000e+000
1.500000e+001 0.000000e+000
1.550000e+001 0.000000e+000
1.600000e+001 0.000000e+000
1.650000e+001 0.000000e+000
1.700000e+001 0.000000e+000
1.750000e+001 0.000000e+000
1.800000e+001 0.000000e+000
1.850000e+001 0.000000e+000
1.900000e+001 0.000000e+000
1.950000e+001 0.000000e+000
2.000000e+001 0.000000e+000
2.050000e+001 0.000000e+000
2.100000e+001 0.000000e+000
2.150000e+001 0.000000e+000
2.200000e+001 0.000000e+000
2.250000e+001 0.000000e+000
2.300000e+001 0.000000e+000
2.350000e+001 0.000000e+000
2.400000e+001 0.000000e+000
2.450000e+001 0.000000e+000
2.500000e+001 0.000000e+000
2.550000e+001 0.000000e+000
2.600000e+001 0.000000e+000
2.650000e+001 0.000000e+000
2.700000e+001 0.000000e+000
2.750000e+001 0.000000e+000
2.800000e+001 0.000000e+000
2.850000e+001 0.000000e+000
2.900000e+001 0.000000e+000
2.950000e+001 0.000000e+000
3.000000e+001 0.000000e+000
3.050000e+001 0.000000e+000
3.100000e+001 0.000000e+000
3.150000e+001 0.000000e+000
3.200000e+001 0.000000e+000
3.250000e+001 0.000000e+000
3.300000e+001 0.000000e+000
3.350000e+001 0.000000e+000
3.400000e+001 0.000000e+000
3.450000e+001 0.000000e+000
3.500000e+001 0.000000e+000
3.550000e+001 0.000000e+000
3.600000e+001 0.000000e+000
3.650000e+001 0.000000e+000
3.700000e+001 0.000000e+000
3.750000e+001 0.000000e+000
3.800000e+001 0.000000e+000
3.850000e+001 0.000000e+000
3.900000e+001 0.000000e+000
3.950000e+001 0.000000e+000
4.000000e+001 0.000000e+000
4.050000e+001 0.000000e+000
4.100000e+001 0.000000e+000
4.150000e+001 0.000000e+000
4.200000e+001 0.000000e+000
4.250000e+001 0.000000e+000
4.300000e+001 0.000000e+000
4.350000e+001 0.000000e+000
4.400000e+001 0.000000e+000
4.450000e+001 0.000000e+000
4.500000e+001 0.000000e+000
4.550000e+001 0.000000e+000
4.600000e+001 0.000000e+000
4.650000e+001 0.000000e+000
4.700000e+001 0.000000e+000
4.750000e+001 0.000000e+000
4.800000e+001 0.000000e+000
4.850000e+001 0.000000e+000
4.900000e+001 0.000000e+000
4.950000e+001 0.000000e+000
5.000000e+001 0.000000e+000
5.050000e+001 0.000000e+000
5.100000e+001 0.000000e+000
5.150000e+001 0.000000e+000
5.200000e+001 0.000000e+000
5.250000e+001 0.000000e+000
5.300000e+001 0.000000e+000
5.350000e+001 0.000000e+000
5.400000e+001 0.000000e+000
5.450000e+001 0.000000e+000
5.500000e+001 0.000000e+000
5.550000e+001 0.000000e+000
5.600000e+001 0.000000e+000
5.650000e+001 0.000000e+000
5.700000e+001 0.000000e+000
5.750000e+001 0.000000e+000
5.800000e+001 0.000000e+000
5.850000e+001 0.000000e+000
5.900000e+001 0.000000e+000
5.950000e+001 0.000000e+000
6.000000e+001 0.000000e+000
6.050000e+001 0.000000e+000
6.100000e+001 0.000000e+000
6.150000e+001 0.000000e+000
6.200000e+001 0.000000e+000
6.250000e+001 0.000000e+000
6.300000e+001 0.000000e+000
6.350000e+001 0.000000e+000
6.400000e+001 0.000000e+000
6.450000e+001 0.000000e+000
6.500000e+001 0.000000e+000
6.550000e+001 0.000000e+000
6.600000e+001 0.000000e+000
6.650000e+001 0.000000e+000
6.700000e+001 0.000000e+000
6.750000e+001 0.000000e+000
6.800000e+001 0.000000e+000
6.850000e+001 0.000000e+000
6.900000e+001 0.000000e+000
6.950000e+001 0.000000e+000
7.000000e+001 0.000000e+000
7.050000e+001 0.000000e+000
7.100000e+001 0.000000e+000
7.150000e+001 0.000000e+000
7.200000e+001 0.000000e+000
7.250000e+001 0.000000e+000
7.300000e+001 0.000000e+000
7.350000e+001 0.000000e+000
7.400000e+001 0.000000e+000
7.450000e+001 0.000000e+000
7.500000e+001 0.000000e+000
7.550000e+001 0.000000e+000
7.600000e+001 0.000000e+000
7.650000e+001 0.000000e+000
7.700000e+001 0.000000e+000
7.750000e+001 0.000000e+000
7.800000e+001 0.000000e+000
7.850000e+001 0.000000e+000
7.900000e+001 0.000000e+000
7.950000e+001 0.000000e+000
8.000000e+001 0.000000e+000
8.050000e+001 0.000000e+000
8.100000e+001 0.000000e+000
8.150000e+001 0.000000e+000
8.200000e+001 0.000000e+000
8.250000e+001 0.000000e+000
8.300000e+001 0.000000e+000
8.350000e+001 0.000000e+000
8.400000e+001 0.000000e+000
8.450000e+001 0.000000e+000
8.500000e+001 0.000000e+000
8.550000e+001 0.000000e+000
8.600000e+001 0.000000e+000
8.650000e+001 0.000000e+000
8.700000e+001 0.000000e+000
8.750000e+001 0.000000e+000
8.800000e+001 0.000000e+000
8.850000e+001 0.000000e+000
8.900000e+001 0.000000e+000
8.950000e+001 0.000000e+000
9.000000e+001 0.000000e+000
9.050000e+001 0.000000e+000
9.100000e+001 0.000000e+000
9.150000e+001 0.000000e+000
9.200000e+001 0.000000e+000
9.250000e+001 0.000000e+000
9.300000e+001 0.000000e+000
9.350000e+001 0.000000e+000
9.400000e+001 0.000000e+000
9.450000e+001 0.000000e+000
9.500000e+001 0.000000e+000
9.550000e+001 0.000000e+000
9.600000e+001 0.000000e+000
9.650000e+001 0.000000e+000
9.700000e+001 0.000000e+000
9.750000e+001 0.000000e+000
9.800000e+001 0.000000e+000
9.850000e+001 0.000000e+000
9.900000e+001 0.000000e+000
9.950000e+001 0.000000e+000
9.999990e+001 0.000000e+000
#timeout
