#data is loaded
#t(ns) v(cm/s):
0.000000e+000 5.460182e+000
5.000000e-001 4.919524e+001
1.000000e+000 4.964481e+001
1.500000e+000 1.751059e+001
2.000000e+000 -1.807913e+001
2.500000e+000 -3.305097e+001
3.000000e+000 -2.269898e+001
3.500000e+000 -4.155364e-002
4.000000e+000 1.700705e+001
4.500000e+000 1.866114e+001
5.000000e+000 7.683398e+000
5.500000e+000 -5.593886e+000
6.000000e+000 -1.191543e+001
6.500000e+000 -8.867744e+000
7.000000e+000 -7.680201e-001
7.500000e+000 5.821410e+000
8.000000e+000 6.957812e+000
8.500000e+000 3.254651e+000
9.000000e+000 -1.659113e+000
9.500000e+000 -4.265982e+000
1.000000e+001 -3.431872e+000
1.050000e+001 -5.572136e-001
1.100000e+001 1.967984e+000
1.150000e+001 2.576351e+000
1.200000e+001 1.346123e+000
1.250000e+001 -4.598925e-001
1.300000e+001 -1.515984e+000
1.350000e+001 -1.316871e+000
1.400000e+001 -3.047627e-001
1.450000e+001 6.554262e-001
1.500000e+001 9.476840e-001
1.550000e+001 5.466297e-001
1.600000e+001 -1.127464e-001
1.650000e+001 -5.344266e-001
1.700000e+001 -5.013174e-001
1.750000e+001 -1.481073e-001
1.800000e+001 2.143261e-001
1.850000e+001 3.463141e-001
1.900000e+001 2.186872e-001
1.950000e+001 -2.044519e-002
2.000000e+001 -1.867603e-001
2.050000e+001 -1.894310e-001
2.100000e+001 -6.737415e-002
2.150000e+001 6.847528e-002
2.200000e+001 1.257167e-001
2.250000e+001 8.639679e-002
2.300000e+001 2.649821e-004
2.350000e+001 -6.463534e-002
2.400000e+001 -7.107568e-002
2.450000e+001 -2.936600e-002
2.500000e+001 2.121086e-002
2.550000e+001 4.532686e-002
2.600000e+001 3.376372e-002
2.650000e+001 2.961398e-003
2.700000e+001 -2.212557e-002
2.750000e+001 -2.648740e-002
2.800000e+001 -1.241789e-002
2.850000e+001 6.287962e-003
2.900000e+001 1.622693e-002
2.950000e+001 1.306842e-002
3.000000e+001 2.135964e-003
3.050000e+001 -7.478505e-003
3.100000e+001 -9.805744e-003
3.150000e+001 -5.132565e-003
3.200000e+001 1.740721e-003
3.250000e+001 5.765836e-003
3.300000e+001 5.014433e-003
3.350000e+001 1.165670e-003
3.400000e+001 -2.490046e-003
3.450000e+001 -3.606456e-003
3.500000e+001 -2.083449e-003
3.550000e+001 4.255766e-004
3.600000e+001 2.032347e-003
3.650000e+001 1.908767e-003
3.700000e+001 5.657917e-004
3.750000e+001 -8.139856e-004
3.800000e+001 -1.317764e-003
3.850000e+001 -8.333037e-004
3.900000e+001 7.651427e-005
3.950000e+001 7.101179e-004
4.000000e+001 7.211836e-004
4.050000e+001 2.571759e-004
4.100000e+001 -2.599504e-004
4.150000e+001 -4.783143e-004
4.200000e+001 -3.291481e-004
4.250000e+001 -1.484359e-006
4.300000e+001 2.457233e-004
4.350000e+001 2.705629e-004
4.400000e+001 1.120316e-004
4.450000e+001 -8.047567e-005
4.500000e+001 -1.724354e-004
4.550000e+001 -1.286099e-004
4.600000e+001 -1.144474e-005
4.650000e+001 8.409780e-005
4.700000e+001 1.008183e-004
4.750000e+001 4.735497e-005
4.800000e+001 -2.383478e-005
4.850000e+001 -6.172428e-005
4.900000e+001 -4.977139e-005
4.950000e+001 -8.192198e-006
5.000000e+001 2.841915e-005
5.050000e+001 3.732007e-005
5.100000e+001 1.956580e-005
5.150000e+001 -6.589718e-006
5.200000e+001 -2.192915e-005
5.250000e+001 -1.909556e-005
5.300000e+001 -4.458702e-006
5.350000e+001 9.460035e-006
5.400000e+001 1.372379e-005
5.450000e+001 7.940338e-006
5.500000e+001 -1.606319e-006
5.550000e+001 -7.728977e-006
5.600000e+001 -7.268204e-006
5.650000e+001 -2.161456e-006
5.700000e+001 3.091736e-006
5.750000e+001 5.013839e-006
5.800000e+001 3.175182e-006
5.850000e+001 -2.869986e-007
5.900000e+001 -2.700381e-006
5.950000e+001 -2.745578e-006
6.000000e+001 -9.816980e-007
6.050000e+001 9.863963e-007
6.100000e+001 1.818408e-006
6.150000e+001 1.253079e-006
6.200000e+001 7.808585e-009
6.250000e+001 -9.341847e-007
6.300000e+001 -1.029277e-006
6.350000e+001 -4.272884e-007
6.400000e+001 3.040716e-007
6.450000e+001 6.557888e-007
6.500000e+001 4.904188e-007
6.550000e+001 4.440306e-008
6.600000e+001 -3.205490e-007
6.650000e+001 -3.836795e-007
6.700000e+001 -1.801269e-007
6.750000e+001 9.046047e-008
6.800000e+001 2.355149e-007
6.850000e+001 1.894574e-007
6.900000e+001 3.196226e-008
6.950000e+001 -1.068717e-007
7.000000e+001 -1.412163e-007
7.050000e+001 -7.484330e-008
7.100000e+001 2.494777e-008
7.150000e+001 8.265189e-008
7.200000e+001 7.252720e-008
7.250000e+001 1.713918e-008
7.300000e+001 -3.586655e-008
7.350000e+001 -4.989553e-008
7.400000e+001 -3.037407e-008
7.450000e+001 6.220398e-009
7.500000e+001 3.123434e-008
7.550000e+001 2.646978e-008
7.600000e+001 7.808585e-009
7.650000e+001 -1.171288e-008
7.700000e+001 -1.866119e-008
7.750000e+001 -1.171288e-008
7.800000e+001 0.000000e+000
7.850000e+001 9.330597e-009
7.900000e+001 1.098496e-008
7.950000e+001 3.110199e-009
8.000000e+001 -3.110199e-009
8.050000e+001 -6.220398e-009
8.100000e+001 -3.970467e-009
8.150000e+001 0.000000e+000
8.200000e+001 3.110199e-009
8.250000e+001 3.110199e-009
8.300000e+001 1.588187e-009
8.350000e+001 0.000000e+000
8.400000e+001 -1.522012e-009
8.450000e+001 -1.522012e-009
8.500000e+001 -1.522012e-009
8.550000e+001 0.000000e+000
8.600000e+001 0.000000e+000
8.650000e+001 0.000000e+000
8.700000e+001 -7.279189e-010
8.750000e+001 0.000000e+000
8.800000e+001 0.000000e+000
8.850000e+001 0.000000e+000
8.900000e+001 0.000000e+000
8.950000e+001 0.000000e+000
9.000000e+001 0.000000e+000
9.050000e+001 0.000000e+000
9.100000e+001 0.000000e+000
9.150000e+001 0.000000e+000
9.200000e+001 0.000000e+000
9.250000e+001 0.000000e+000
9.300000e+001 0.000000e+000
9.350000e+001 0.000000e+000
9.400000e+001 0.000000e+000
9.450000e+001 0.000000e+000
9.500000e+001 0.000000e+000
9.550000e+001 0.000000e+000
9.600000e+001 0.000000e+000
9.650000e+001 0.000000e+000
9.700000e+001 0.000000e+000
9.750000e+001 0.000000e+000
9.800000e+001 0.000000e+000
9.850000e+001 0.000000e+000
9.900000e+001 0.000000e+000
9.950000e+001 0.000000e+000
9.999990e+001 0.000000e+000
#timeout