#data is loaded
#t(ns) v(cm/s):
0.000000e+000 6.383267e+000
5.000000e-001 6.941525e+001
1.000000e+000 1.157899e+002
1.500000e+000 1.467561e+002
2.000000e+000 1.648220e+002
2.500000e+000 1.734672e+002
3.000000e+000 1.766109e+002
3.500000e+000 1.781259e+002
4.000000e+000 1.815390e+002
4.500000e+000 1.899975e+002
5.000000e+000 2.064854e+002
5.500000e+000 2.341959e+002
6.000000e+000 2.769058e+002
6.500000e+000 3.023614e+002
7.000000e+000 3.314698e+002
7.500000e+000 3.598209e+002
8.000000e+000 3.806653e+002
8.500000e+000 3.880246e+002
9.000000e+000 3.799972e+002
9.500000e+000 3.603179e+002
1.000000e+001 3.370707e+002
1.050000e+001 3.197504e+002
1.100000e+001 3.167270e+002
1.150000e+001 3.344966e+002
1.200000e+001 3.560992e+002
1.250000e+001 3.661983e+002
1.300000e+001 3.835179e+002
1.350000e+001 3.982521e+002
1.400000e+001 4.021430e+002
1.450000e+001 3.918281e+002
1.500000e+001 3.703874e+002
1.550000e+001 3.458560e+002
1.600000e+001 3.279769e+002
1.650000e+001 3.253925e+002
1.700000e+001 3.447790e+002
1.750000e+001 3.619685e+002
1.800000e+001 3.719856e+002
1.850000e+001 3.884941e+002
1.900000e+001 4.014082e+002
1.950000e+001 4.027999e+002
2.000000e+001 3.901569e+002
2.050000e+001 3.674470e+002
2.100000e+001 3.432051e+002
2.150000e+001 3.271718e+002
2.200000e+001 3.277107e+002
2.250000e+001 3.512390e+002
2.300000e+001 3.632797e+002
2.350000e+001 3.749644e+002
2.400000e+001 3.914600e+002
2.450000e+001 4.027852e+002
2.500000e+001 4.017198e+002
2.550000e+001 3.868713e+002
2.600000e+001 3.631941e+002
2.650000e+001 3.396785e+002
2.700000e+001 3.259623e+002
2.750000e+001 3.300636e+002
2.800000e+001 3.581185e+002
2.850000e+001 3.645674e+002
2.900000e+001 3.778088e+002
2.950000e+001 3.940818e+002
3.000000e+001 4.036317e+002
3.050000e+001 4.000745e+002
3.100000e+001 3.831767e+002
3.150000e+001 3.588191e+002
3.200000e+001 3.363432e+002
3.250000e+001 3.252104e+002
3.300000e+001 3.330831e+002
3.350000e+001 3.630685e+002
3.400000e+001 3.662102e+002
3.450000e+001 3.807191e+002
3.500000e+001 3.964740e+002
3.550000e+001 4.040505e+002
3.600000e+001 3.979955e+002
3.650000e+001 3.792338e+002
3.700000e+001 3.544889e+002
3.750000e+001 3.333464e+002
3.800000e+001 3.250312e+002
3.850000e+001 3.368540e+002
3.900000e+001 3.623814e+002
3.950000e+001 3.681966e+002
4.000000e+001 3.836638e+002
4.050000e+001 3.986063e+002
4.100000e+001 4.040375e+002
4.150000e+001 3.955144e+002
4.200000e+001 3.751009e+002
4.250000e+001 3.502683e+002
4.300000e+001 3.307431e+002
4.350000e+001 3.254662e+002
4.400000e+001 3.414084e+002
4.450000e+001 3.622741e+002
4.500000e+001 3.704778e+002
4.550000e+001 3.865898e+002
4.600000e+001 4.004380e+002
4.650000e+001 4.035837e+002
4.700000e+001 3.926585e+002
4.750000e+001 3.708282e+002
4.800000e+001 3.462111e+002
4.850000e+001 3.285770e+002
4.900000e+001 3.265480e+002
4.950000e+001 3.467722e+002
5.000000e+001 3.626997e+002
5.050000e+001 3.730003e+002
5.100000e+001 3.894426e+002
5.150000e+001 4.019311e+002
5.200000e+001 4.026854e+002
5.250000e+001 3.894586e+002
5.300000e+001 3.664668e+002
5.350000e+001 3.423686e+002
5.400000e+001 3.268883e+002
5.450000e+001 3.283061e+002
5.500000e+001 3.529677e+002
5.550000e+001 3.636081e+002
5.600000e+001 3.757081e+002
5.650000e+001 3.921675e+002
5.700000e+001 4.030517e+002
5.750000e+001 4.013446e+002
5.800000e+001 3.859501e+002
5.850000e+001 3.620681e+002
5.900000e+001 3.387893e+002
5.950000e+001 3.257124e+002
6.000000e+001 3.307636e+002
6.050000e+001 3.600088e+002
6.100000e+001 3.649441e+002
6.150000e+001 3.785396e+002
6.200000e+001 3.947074e+002
6.250000e+001 4.037678e+002
6.300000e+001 3.995675e+002
6.350000e+001 3.821706e+002
6.400000e+001 3.576817e+002
6.450000e+001 3.355139e+002
6.500000e+001 3.250718e+002
6.550000e+001 3.339252e+002
6.600000e+001 3.627894e+002
6.650000e+001 3.666361e+002
6.700000e+001 3.814168e+002
6.750000e+001 3.969935e+002
6.800000e+001 4.040432e+002
6.850000e+001 3.973599e+002
6.900000e+001 3.781552e+002
6.950000e+001 3.533463e+002
7.000000e+001 3.325594e+002
7.050000e+001 3.249474e+002
7.100000e+001 3.377284e+002
7.150000e+001 3.621403e+002
7.200000e+001 3.685569e+002
7.250000e+001 3.842059e+002
7.300000e+001 3.989129e+002
7.350000e+001 4.038140e+002
7.400000e+001 3.947105e+002
7.450000e+001 3.739187e+002
7.500000e+001 3.490570e+002
7.550000e+001 3.298555e+002
7.600000e+001 3.251670e+002
7.650000e+001 3.418655e+002
7.700000e+001 3.617539e+002
7.750000e+001 3.703892e+002
7.800000e+001 3.865847e+002
7.850000e+001 4.001999e+002
7.900000e+001 4.029145e+002
7.950000e+001 3.915396e+002
8.000000e+001 3.693921e+002
8.050000e+001 3.446435e+002
8.100000e+001 3.270098e+002
8.150000e+001 3.249979e+002
8.200000e+001 3.451334e+002
8.250000e+001 3.607896e+002
8.300000e+001 3.711543e+002
8.350000e+001 3.875885e+002
8.400000e+001 4.000731e+002
8.450000e+001 4.008331e+002
8.500000e+001 3.875268e+002
8.550000e+001 3.642045e+002
8.600000e+001 3.393396e+002
8.650000e+001 3.224799e+002
8.700000e+001 3.217206e+002
8.750000e+001 3.431807e+002
8.800000e+001 3.564014e+002
8.850000e+001 3.675770e+002
8.900000e+001 3.840297e+002
8.950000e+001 3.959672e+002
9.000000e+001 3.958762e+002
9.050000e+001 3.815836e+002
9.100000e+001 3.570980e+002
9.150000e+001 3.306237e+002
9.200000e+001 3.112682e+002
9.250000e+001 3.065831e+002
9.300000e+001 3.220692e+002
9.350000e+001 3.390658e+002
9.400000e+001 3.483883e+002
9.450000e+001 3.645144e+002
9.500000e+001 3.782746e+002
9.550000e+001 3.815920e+002
9.600000e+001 3.703631e+002
9.650000e+001 3.461077e+002
9.700000e+001 3.149845e+002
9.750000e+001 2.849660e+002
9.800000e+001 2.630300e+002
9.850000e+001 2.539227e+002
9.900000e+001 2.605130e+002
9.950000e+001 2.775624e+002
9.999990e+001 2.850574e+002
#timeout