#data is loaded
#t(ns) v(cm/s):
0.000000e+000 7.514439e+000
5.000000e-001 7.998281e+001
1.000000e+000 1.386840e+002
1.500000e+000 1.868501e+002
2.000000e+000 2.274665e+002
2.500000e+000 2.632625e+002
3.000000e+000 2.932162e+002
3.500000e+000 3.067874e+002
4.000000e+000 3.182959e+002
4.500000e+000 3.296862e+002
5.000000e+000 3.425245e+002
5.500000e+000 3.580755e+002
6.000000e+000 3.727926e+002
6.500000e+000 3.679535e+002
7.000000e+000 3.670017e+002
7.500000e+000 3.705473e+002
8.000000e+000 3.790959e+002
8.500000e+000 3.930986e+002
9.000000e+000 3.863892e+002
9.500000e+000 3.805242e+002
1.000000e+001 3.803822e+002
1.050000e+001 3.861313e+002
1.100000e+001 3.979733e+002
1.150000e+001 3.933994e+002
1.200000e+001 3.855078e+002
1.250000e+001 3.837920e+002
1.300000e+001 3.882890e+002
1.350000e+001 3.991043e+002
1.400000e+001 3.963652e+002
1.450000e+001 3.874949e+002
1.500000e+001 3.849645e+002
1.550000e+001 3.887606e+002
1.600000e+001 3.989509e+002
1.650000e+001 3.979277e+002
1.700000e+001 3.884493e+002
1.750000e+001 3.853722e+002
1.800000e+001 3.886614e+002
1.850000e+001 3.983677e+002
1.900000e+001 3.990165e+002
1.950000e+001 3.890598e+002
2.000000e+001 3.855297e+002
2.050000e+001 3.883800e+002
2.100000e+001 3.976521e+002
2.150000e+001 3.999570e+002
2.200000e+001 3.895670e+002
2.250000e+001 3.856164e+002
2.300000e+001 3.880518e+002
2.350000e+001 3.969072e+002
2.400000e+001 4.008628e+002
2.450000e+001 3.900548e+002
2.500000e+001 3.856950e+002
2.550000e+001 3.877237e+002
2.600000e+001 3.961691e+002
2.650000e+001 4.017734e+002
2.700000e+001 3.905525e+002
2.750000e+001 3.857873e+002
2.800000e+001 3.874123e+002
2.850000e+001 3.954501e+002
2.900000e+001 4.027029e+002
2.950000e+001 3.910702e+002
3.000000e+001 3.859007e+002
3.050000e+001 3.871233e+002
3.100000e+001 3.947547e+002
3.150000e+001 4.036559e+002
3.200000e+001 3.916116e+002
3.250000e+001 3.860381e+002
3.300000e+001 3.868585e+002
3.350000e+001 3.940842e+002
3.400000e+001 4.046343e+002
3.450000e+001 3.921780e+002
3.500000e+001 3.862002e+002
3.550000e+001 3.866187e+002
3.600000e+001 3.934391e+002
3.650000e+001 4.056387e+002
3.700000e+001 3.927697e+002
3.750000e+001 3.863875e+002
3.800000e+001 3.864040e+002
3.850000e+001 3.928196e+002
3.900000e+001 4.057226e+002
3.950000e+001 3.933870e+002
4.000000e+001 3.865999e+002
4.050000e+001 3.862146e+002
4.100000e+001 3.922256e+002
4.150000e+001 4.047159e+002
4.200000e+001 3.940299e+002
4.250000e+001 3.868376e+002
4.300000e+001 3.860503e+002
4.350000e+001 3.916571e+002
4.400000e+001 4.037354e+002
4.450000e+001 3.946984e+002
4.500000e+001 3.871004e+002
4.550000e+001 3.859111e+002
4.600000e+001 3.911139e+002
4.650000e+001 4.027806e+002
4.700000e+001 3.953923e+002
4.750000e+001 3.873883e+002
4.800000e+001 3.857967e+002
4.850000e+001 3.905957e+002
4.900000e+001 4.018514e+002
4.950000e+001 3.961116e+002
5.000000e+001 3.877009e+002
5.050000e+001 3.857068e+002
5.100000e+001 3.901021e+002
5.150000e+001 4.009470e+002
5.200000e+001 3.968559e+002
5.250000e+001 3.880377e+002
5.300000e+001 3.856408e+002
5.350000e+001 3.896320e+002
5.400000e+001 4.000662e+002
5.450000e+001 3.976244e+002
5.500000e+001 3.883979e+002
5.550000e+001 3.855972e+002
5.600000e+001 3.891838e+002
5.650000e+001 3.992069e+002
5.700000e+001 3.984159e+002
5.750000e+001 3.887795e+002
5.800000e+001 3.855739e+002
5.850000e+001 3.887546e+002
5.900000e+001 3.983652e+002
5.950000e+001 3.992278e+002
6.000000e+001 3.891795e+002
6.050000e+001 3.855665e+002
6.100000e+001 3.883389e+002
6.150000e+001 3.975339e+002
6.200000e+001 4.000555e+002
6.250000e+001 3.895917e+002
6.300000e+001 3.855674e+002
6.350000e+001 3.879264e+002
6.400000e+001 3.967001e+002
6.450000e+001 4.008906e+002
6.500000e+001 3.900051e+002
6.550000e+001 3.855621e+002
6.600000e+001 3.874988e+002
6.650000e+001 3.958397e+002
6.700000e+001 4.017174e+002
6.750000e+001 3.903995e+002
6.800000e+001 3.855244e+002
6.850000e+001 3.870219e+002
6.900000e+001 3.949087e+002
6.950000e+001 4.025073e+002
7.000000e+001 3.907376e+002
7.050000e+001 3.854059e+002
7.100000e+001 3.864333e+002
7.150000e+001 3.938267e+002
7.200000e+001 4.032074e+002
7.250000e+001 3.909510e+002
7.300000e+001 3.851185e+002
7.350000e+001 3.856190e+002
7.400000e+001 3.924464e+002
7.450000e+001 4.037218e+002
7.500000e+001 3.909155e+002
7.550000e+001 3.845012e+002
7.600000e+001 3.843716e+002
7.650000e+001 3.905009e+002
7.700000e+001 4.029432e+002
7.750000e+001 3.904058e+002
7.800000e+001 3.832640e+002
7.850000e+001 3.823179e+002
7.900000e+001 3.875113e+002
7.950000e+001 3.988609e+002
8.000000e+001 3.890209e+002
8.050000e+001 3.808922e+002
8.100000e+001 3.787994e+002
8.150000e+001 3.826369e+002
8.200000e+001 3.923615e+002
8.250000e+001 3.860644e+002
8.300000e+001 3.765008e+002
8.350000e+001 3.726947e+002
8.400000e+001 3.744630e+002
8.450000e+001 3.816673e+002
8.500000e+001 3.803894e+002
8.550000e+001 3.686571e+002
8.600000e+001 3.622248e+002
8.650000e+001 3.607946e+002
8.700000e+001 3.640910e+002
8.750000e+001 3.702850e+002
8.800000e+001 3.553019e+002
8.850000e+001 3.449396e+002
8.900000e+001 3.387571e+002
8.950000e+001 3.363169e+002
9.000000e+001 3.371735e+002
9.050000e+001 3.341521e+002
9.100000e+001 3.184161e+002
9.150000e+001 3.059060e+002
9.200000e+001 2.960688e+002
9.250000e+001 2.883552e+002
9.300000e+001 2.822188e+002
9.350000e+001 2.771190e+002
9.400000e+001 2.628788e+002
9.450000e+001 2.455195e+002
9.500000e+001 2.296733e+002
9.550000e+001 2.149133e+002
9.600000e+001 2.008713e+002
9.650000e+001 1.872438e+002
9.700000e+001 1.737985e+002
9.750000e+001 1.603767e+002
9.800000e+001 1.468938e+002
9.850000e+001 1.333352e+002
9.900000e+001 1.179345e+002
9.950000e+001 1.023343e+002
9.999800e+001 8.786720e+001
#timeout
