9.200000 0.003176000000
9.300000 0.003322000000
9.400000 0.003820000000
9.500000 0.004504000000
9.600000 0.004909000000
9.700000 0.005403000000
9.800000 0.005879000000
9.900000 0.006361000000
10.000000 0.006822000000
10.100000 0.007237000000
10.200000 0.007617000000
10.300000 0.007936000000
10.400000 0.008184000000
10.500000 0.008356000000
10.600000 0.008443000000
10.700000 0.008480000000
10.800000 0.008446000000
10.900000 0.008385000000
11.000000 0.008278000000
11.100000 0.008146000000
11.200000 0.007999000000
11.300000 0.007843000000
11.400000 0.007682000000
11.500000 0.007520000000
11.600000 0.007358000000
11.700000 0.007197000000
11.800000 0.007028000000
11.900000 0.006876000000
12.000000 0.006729000000
12.100000 0.006574000000
12.200000 0.006437000000
12.300000 0.006302000000
12.400000 0.006166000000
12.500000 0.006043000000
12.600000 0.005915000000
12.700000 0.005800000000
12.800000 0.005683000000
12.900000 0.005568000000
13.000000 0.005469000000
13.100000 0.005361000000
13.200000 0.005269000000
13.300000 0.005170000000
13.400000 0.005074000000
13.500000 0.004993000000
13.600000 0.004904000000
13.700000 0.004817000000
13.800000 0.004744000000
13.900000 0.004664000000
14.000000 0.004586000000
14.100000 0.004511000000
14.200000 0.004448000000
14.300000 0.004377000000
14.400000 0.004308000000
14.500000 0.004244000000
14.600000 0.004188000000
14.700000 0.004125000000
14.800000 0.004064000000
14.900000 0.004005000000
15.000000 0.003958000000
15.100000 0.003902000000
15.200000 0.003848000000
15.300000 0.003795000000
15.400000 0.003744000000
15.500000 0.003703000000
15.600000 0.003655000000
15.700000 0.003607000000
15.800000 0.003561000000
15.900000 0.003516000000
16.000000 0.003473000000
16.100000 0.003438000000
16.200000 0.003397000000
16.300000 0.003356000000
16.400000 0.003315000000
16.500000 0.003276000000
16.600000 0.003239000000
16.700000 0.003210000000
16.800000 0.003174000000
16.900000 0.003139000000
17.000000 0.003104000000
17.100000 0.003070000000
17.200000 0.003036000000
17.300000 0.003004000000
17.400000 0.002974000000
17.500000 0.002949000000
17.600000 0.002919000000
17.700000 0.002889000000
17.800000 0.002860000000
17.900000 0.002831000000
18.000000 0.002803000000
18.100000 0.002775000000
18.200000 0.002748000000
18.300000 0.002727000000
18.400000 0.002704000000
18.500000 0.002678000000
18.600000 0.002653000000
18.700000 0.002629000000
18.800000 0.002604000000
18.900000 0.002580000000
19.000000 0.002557000000
19.100000 0.002534000000
19.200000 0.002512000000
19.300000 0.002491000000
19.400000 0.002475000000
19.500000 0.002455000000
19.600000 0.002434000000
19.700000 0.002413000000
19.800000 0.002393000000
19.900000 0.002373000000
20.000000 0.002353000000
20.100000 0.002334000000
20.200000 0.002315000000
20.300000 0.002296000000
20.400000 0.002278000000
20.500000 0.002260000000
20.600000 0.002248000000
20.700000 0.002232000000
20.800000 0.002215000000
20.900000 0.002198000000
21.000000 0.002181000000
21.100000 0.002164000000
21.200000 0.002148000000
21.300000 0.002132000000
21.400000 0.002116000000
21.500000 0.002101000000
21.600000 0.002085000000
21.700000 0.002070000000
21.800000 0.002055000000
21.900000 0.002041000000
22.000000 0.002027000000
22.100000 0.002018000000
22.200000 0.002005000000
22.300000 0.001991000000
22.400000 0.001978000000
22.500000 0.001964000000
22.600000 0.001951000000
22.700000 0.001938000000
22.800000 0.001925000000
22.900000 0.001912000000
23.000000 0.001899000000
23.100000 0.001887000000
23.200000 0.001874000000
23.300000 0.001862000000
23.400000 0.001850000000
23.500000 0.001839000000
23.600000 0.001827000000
23.700000 0.001816000000
23.800000 0.001805000000
23.900000 0.001798000000
24.000000 0.001788000000
24.100000 0.001777000000
24.200000 0.001766000000
24.300000 0.001756000000
24.400000 0.001745000000
24.500000 0.001735000000
24.600000 0.001725000000
24.700000 0.001714000000
24.800000 0.001704000000
24.900000 0.001694000000
25.000000 0.001684000000
25.100000 0.001675000000
25.200000 0.001665000000
25.300000 0.001655000000
25.400000 0.001646000000
25.500000 0.001637000000
25.600000 0.001628000000
25.700000 0.001619000000
25.800000 0.001610000000
25.900000 0.001601000000
26.000000 0.001593000000
26.100000 0.001588000000
26.200000 0.001580000000
26.300000 0.001572000000
26.400000 0.001564000000
26.500000 0.001556000000
26.600000 0.001547000000
26.700000 0.001539000000
26.800000 0.001531000000
26.900000 0.001523000000
27.000000 0.001515000000
27.100000 0.001507000000
27.200000 0.001500000000
27.300000 0.001492000000
27.400000 0.001484000000
27.500000 0.001477000000
27.600000 0.001470000000
27.700000 0.001462000000
27.800000 0.001455000000
27.900000 0.001448000000
28.000000 0.001441000000
28.100000 0.001434000000
28.200000 0.001427000000
28.300000 0.001420000000
28.400000 0.001413000000
28.500000 0.001407000000
28.600000 0.001400000000
28.700000 0.001397000000
28.800000 0.001391000000
28.900000 0.001385000000
29.000000 0.001379000000
29.100000 0.001372000000
29.200000 0.001366000000
29.300000 0.001360000000
29.400000 0.001354000000
29.500000 0.001348000000
29.600000 0.001341000000
29.700000 0.001335000000
29.800000 0.001329000000
29.900000 0.001323000000
30.000000 0.001318000000
30.100000 0.001312000000
30.200000 0.001306000000
30.300000 0.001300000000
30.400000 0.001295000000
30.500000 0.001289000000
30.600000 0.001283000000
30.700000 0.001278000000
30.800000 0.001272000000
30.900000 0.001267000000
31.000000 0.001262000000
31.100000 0.001256000000
31.200000 0.001251000000
31.300000 0.001246000000
31.400000 0.001241000000
31.500000 0.001236000000
31.600000 0.001234000000
31.700000 0.001230000000
31.800000 0.001225000000
31.900000 0.001220000000
32.000000 0.001216000000
32.100000 0.001211000000
32.200000 0.001206000000
32.300000 0.001201000000
32.400000 0.001196000000
32.500000 0.001192000000
32.600000 0.001187000000
32.700000 0.001182000000
32.800000 0.001178000000
32.900000 0.001173000000
33.000000 0.001169000000
33.100000 0.001164000000
33.200000 0.001160000000
33.300000 0.001155000000
33.400000 0.001151000000
33.500000 0.001147000000
33.600000 0.001142000000
33.700000 0.001138000000
33.800000 0.001134000000
33.900000 0.001130000000
34.000000 0.001125000000
34.100000 0.001121000000
34.200000 0.001117000000
34.300000 0.001114000000
34.400000 0.001110000000
34.500000 0.001108000000
34.600000 0.001105000000
34.700000 0.001102000000
34.800000 0.001098000000
34.900000 0.001094000000
35.000000 0.001090000000
35.100000 0.001086000000
35.200000 0.001083000000
35.300000 0.001079000000
35.400000 0.001075000000
35.500000 0.001071000000
35.600000 0.001068000000
35.700000 0.001064000000
35.800000 0.001061000000
35.900000 0.001057000000
36.000000 0.001053000000
36.100000 0.001050000000
36.200000 0.001046000000
36.300000 0.001043000000
36.400000 0.001039000000
36.500000 0.001036000000
36.600000 0.001033000000
36.700000 0.001029000000
36.800000 0.001026000000
36.900000 0.001023000000
37.000000 0.001020000000
37.100000 0.001017000000
37.200000 0.001016000000
37.300000 0.001014000000
37.400000 0.001010000000
37.500000 0.001007000000
37.600000 0.001004000000
37.700000 0.001001000000
37.800000 0.000998000000
37.900000 0.000995000000
38.000000 0.000992000000
38.100000 0.000989000000
38.200000 0.000986000000
38.300000 0.000983000000
38.400000 0.000980000000
38.500000 0.000977000000
38.600000 0.000974000000
38.700000 0.000971000000
38.800000 0.000968000000
38.900000 0.000965000000
39.000000 0.000963000000
39.100000 0.000960000000
39.200000 0.000957000000
39.300000 0.000955000000
39.400000 0.000955000000
39.500000 0.000952000000
39.600000 0.000950000000
39.700000 0.000947000000
39.800000 0.000945000000
39.900000 0.000942000000
40.000000 0.000939000000
40.100000 0.000937000000
40.200000 0.000934000000
40.300000 0.000932000000
40.400000 0.000929000000
40.500000 0.000927000000
40.600000 0.000924000000
40.700000 0.000921000000
40.800000 0.000919000000
40.900000 0.000917000000
41.000000 0.000914000000
41.100000 0.000912000000
41.200000 0.000910000000
41.300000 0.000910000000
41.400000 0.000908000000
41.500000 0.000906000000
41.600000 0.000904000000
41.700000 0.000901000000
41.800000 0.000899000000
41.900000 0.000897000000
42.000000 0.000895000000
42.100000 0.000892000000
42.200000 0.000890000000
42.300000 0.000888000000
42.400000 0.000886000000
42.500000 0.000883000000
42.600000 0.000881000000
42.700000 0.000879000000
42.800000 0.000877000000
42.900000 0.000877000000
43.000000 0.000876000000
43.100000 0.000874000000
43.200000 0.000872000000
43.300000 0.000870000000
43.400000 0.000868000000
43.500000 0.000866000000
43.600000 0.000864000000
43.700000 0.000862000000
43.800000 0.000860000000
43.900000 0.000858000000
44.000000 0.000856000000
44.100000 0.000854000000
44.200000 0.000853000000
44.300000 0.000853000000
44.400000 0.000852000000
44.500000 0.000850000000
44.600000 0.000849000000
44.700000 0.000847000000
44.800000 0.000845000000
44.900000 0.000843000000
45.000000 0.000841000000
45.100000 0.000839000000
45.200000 0.000838000000
45.300000 0.000836000000
45.400000 0.000834000000
45.500000 0.000833000000
45.600000 0.000834000000
45.700000 0.000832000000
45.800000 0.000831000000
45.900000 0.000829000000
46.000000 0.000828000000
46.100000 0.000826000000
46.200000 0.000824000000
46.300000 0.000823000000
46.400000 0.000821000000
46.500000 0.000820000000
46.600000 0.000819000000
46.700000 0.000819000000
46.800000 0.000818000000
46.900000 0.000817000000
47.000000 0.000815000000
47.100000 0.000814000000
47.200000 0.000812000000
47.300000 0.000811000000
47.400000 0.000809000000
47.500000 0.000808000000
47.600000 0.000809000000
47.700000 0.000808000000
47.800000 0.000807000000
47.900000 0.000805000000
48.000000 0.000804000000
48.100000 0.000803000000
48.200000 0.000801000000
48.300000 0.000800000000
48.400000 0.000799000000
48.500000 0.000800000000
48.600000 0.000799000000
48.700000 0.000798000000
48.800000 0.000797000000
48.900000 0.000795000000
49.000000 0.000794000000
49.100000 0.000793000000
49.200000 0.000792000000
49.300000 0.000793000000
49.400000 0.000792000000
49.500000 0.000791000000
49.600000 0.000790000000
49.700000 0.000789000000
49.800000 0.000788000000
49.900000 0.000787000000
50.000000 0.000786000000
50.100000 0.000788000000
50.200000 0.000787000000
50.300000 0.000785000000
50.400000 0.000784000000
50.500000 0.000783000000
50.600000 0.000782000000
50.700000 0.000783000000
50.800000 0.000783000000
50.900000 0.000782000000
51.000000 0.000781000000
51.100000 0.000780000000
51.200000 0.000779000000
51.300000 0.000779000000
51.400000 0.000781000000
51.500000 0.000780000000
51.600000 0.000779000000
51.700000 0.000778000000
51.800000 0.000777000000
51.900000 0.000777000000
52.000000 0.000778000000
52.100000 0.000778000000
52.200000 0.000777000000
52.300000 0.000776000000
52.400000 0.000775000000
52.500000 0.000777000000
52.600000 0.000777000000
52.700000 0.000776000000
52.800000 0.000775000000
52.900000 0.000774000000
53.000000 0.000776000000
53.100000 0.000776000000
53.200000 0.000775000000
53.300000 0.000775000000
53.400000 0.000774000000
53.500000 0.000776000000
53.600000 0.000776000000
53.700000 0.000775000000
53.800000 0.000774000000
53.900000 0.000774000000
54.000000 0.000776000000
54.100000 0.000776000000
54.200000 0.000775000000
54.300000 0.000775000000
54.400000 0.000777000000
54.500000 0.000777000000
54.600000 0.000776000000
54.700000 0.000776000000
54.800000 0.000778000000
54.900000 0.000778000000
55.000000 0.000777000000
55.100000 0.000777000000
55.200000 0.000780000000
55.300000 0.000779000000
55.400000 0.000779000000
55.500000 0.000779000000
55.600000 0.000781000000
55.700000 0.000781000000
55.800000 0.000781000000
55.900000 0.000783000000
56.000000 0.000783000000
56.100000 0.000783000000
56.200000 0.000783000000
56.300000 0.000785000000
56.400000 0.000785000000
56.500000 0.000785000000
56.600000 0.000788000000
56.700000 0.000788000000
56.800000 0.000788000000
56.900000 0.000790000000
57.000000 0.000790000000
57.100000 0.000790000000
57.200000 0.000793000000
57.300000 0.000793000000
57.400000 0.000793000000
57.500000 0.000796000000
57.600000 0.000796000000
57.700000 0.000799000000
57.800000 0.000799000000
57.900000 0.000799000000
58.000000 0.000802000000
58.100000 0.000802000000
58.200000 0.000805000000
58.300000 0.000806000000
58.400000 0.000806000000
58.500000 0.000809000000
58.600000 0.000809000000
58.700000 0.000812000000
58.800000 0.000813000000
58.900000 0.000815000000
59.000000 0.000816000000
59.100000 0.000817000000
59.200000 0.000820000000
59.300000 0.000820000000
59.400000 0.000824000000
59.500000 0.000824000000
59.600000 0.000828000000
59.700000 0.000828000000
59.800000 0.000832000000
59.900000 0.000832000000
60.000000 0.000836000000
60.100000 0.000837000000
60.200000 0.000840000000
60.300000 0.000843000000
60.400000 0.000844000000
60.500000 0.000848000000
60.600000 0.000849000000
60.700000 0.000852000000
60.800000 0.000856000000
60.900000 0.000857000000
61.000000 0.000861000000
61.100000 0.000862000000
61.200000 0.000866000000
61.300000 0.000870000000
61.400000 0.000871000000
61.500000 0.000875000000
61.600000 0.000879000000
61.700000 0.000882000000
61.800000 0.000884000000
61.900000 0.000888000000
62.000000 0.000892000000
62.100000 0.000896000000
62.200000 0.000898000000
62.300000 0.000903000000
62.400000 0.000907000000
62.500000 0.000911000000
62.600000 0.000916000000
62.700000 0.000920000000
62.800000 0.000922000000
62.900000 0.000927000000
63.000000 0.000932000000
63.100000 0.000936000000
63.200000 0.000941000000
63.300000 0.000946000000
63.400000 0.000951000000
63.500000 0.000956000000
63.600000 0.000961000000
63.700000 0.000966000000
63.800000 0.000972000000
63.900000 0.000979000000
64.000000 0.000985000000
64.100000 0.000990000000
64.200000 0.000996000000
64.300000 0.001002000000
64.400000 0.001010000000
64.500000 0.001016000000
64.600000 0.001022000000
64.700000 0.001030000000
64.800000 0.001037000000
64.900000 0.001043000000
65.000000 0.001052000000
65.100000 0.001059000000
65.200000 0.001068000000
65.300000 0.001075000000
65.400000 0.001084000000
65.500000 0.001094000000
65.600000 0.001101000000
65.700000 0.001111000000
65.800000 0.001121000000
65.900000 0.001131000000
66.000000 0.001142000000
66.100000 0.001152000000
66.200000 0.001163000000
66.300000 0.001174000000
66.400000 0.001185000000
66.500000 0.001197000000
66.600000 0.001211000000
66.700000 0.001223000000
66.800000 0.001235000000
66.900000 0.001250000000
67.000000 0.001265000000
67.100000 0.001278000000
67.200000 0.001294000000
67.300000 0.001310000000
67.400000 0.001327000000
67.500000 0.001343000000
67.600000 0.001361000000
67.700000 0.001381000000
67.800000 0.001399000000
67.900000 0.001420000000
68.000000 0.001441000000
68.100000 0.001463000000
68.200000 0.001485000000
68.300000 0.001509000000
68.400000 0.001533000000
68.500000 0.001559000000
68.600000 0.001587000000
68.700000 0.001615000000
68.800000 0.001646000000
68.900000 0.001676000000
69.000000 0.001710000000
69.100000 0.001746000000
69.200000 0.001782000000
69.300000 0.001821000000
69.400000 0.001863000000
69.500000 0.001906000000
69.600000 0.001955000000
69.700000 0.002003000000
69.800000 0.002057000000
69.900000 0.002113000000
70.000000 0.002175000000
70.100000 0.002238000000
70.200000 0.002310000000
70.300000 0.002385000000
70.400000 0.002468000000
70.500000 0.002555000000
70.600000 0.002652000000
70.700000 0.002759000000
70.800000 0.002877000000
70.900000 0.003007000000
71.000000 0.003150000000
71.100000 0.003310000000
71.200000 0.003492000000
71.300000 0.003698000000
71.400000 0.003934000000
71.500000 0.004207000000
71.600000 0.004527000000
71.700000 0.004905000000
71.800000 0.005365000000
71.900000 0.005931000000
72.000000 0.006647000000
72.100000 0.007588000000
72.200000 0.008881000000
