0.000000 0.999997
0.000050 0.998866
0.000100 0.998162
0.000150 0.999708
0.000200 0.999392
0.000250 0.997752
0.000300 0.998945
0.000350 0.999831
0.000400 0.997799
0.000450 0.997863
0.000500 0.999815
0.000550 0.998316
0.000600 0.996820
0.000650 0.999066
0.000700 0.999027
0.000750 0.996249
0.000800 0.997567
0.000850 0.999394
0.000900 0.996425
0.000950 0.995676
0.001000 0.998810
0.001050 0.997217
0.001100 0.994067
0.001150 0.996905
0.001200 0.997954
0.001250 0.993437
0.001300 0.993886
0.001350 0.997556
0.001400 0.993998
0.001450 0.990705
0.001500 0.995024
0.001550 0.994959
0.001600 0.988761
0.001650 0.990230
0.001700 0.994416
0.001750 0.988892
0.001800 0.984679
0.001850 0.990184
0.001900 0.989861
0.001950 0.981264
0.002000 0.981873
0.002050 0.987642
0.002100 0.981559
0.002150 0.973304
0.002200 0.977974
0.002250 0.981148
0.002300 0.970719
0.002350 0.963702
0.002400 0.970016
0.002450 0.970903
0.002500 0.957827
0.002550 0.949272
0.002600 0.954645
0.002650 0.956543
0.002700 0.943438
0.002750 0.928220
0.002800 0.925854
0.002850 0.930186
0.002900 0.925816
0.002950 0.909148
0.003000 0.889322
0.003050 0.875635
0.003100 0.868734
0.003150 0.863153
0.003200 0.853971
0.003250 0.839594
0.003300 0.820708
0.003350 0.798386
0.003400 0.772780
0.003450 0.742198
0.003500 0.702614
0.003550 0.651043
0.003600 0.598492
0.003650 0.564063
0.003700 0.502967
0.003750 0.416658
0.003800 0.346073
0.003850 0.253314
0.003900 0.131496
0.003950 0.006828
0.004000 -0.120071
0.004050 -0.271840
0.004100 -0.409023
0.004150 -0.551299
0.004200 -0.668569
0.004250 -0.761483
0.004300 -0.830360
0.004350 -0.886184
0.004400 -0.926844
0.004450 -0.948618
0.004500 -0.969132
0.004550 -0.978094
0.004600 -0.987173
0.004650 -0.990787
0.004700 -0.994756
0.004750 -0.996110
0.004800 -0.997888
0.004850 -0.998334
0.004900 -0.999162
0.004950 -0.999269
0.005000 -0.999673
0.005050 -0.999666
0.005100 -0.999873
0.005150 -0.999837
0.005200 -0.999949
0.005250 -0.999913
0.005300 -0.999976
0.005350 -0.999948
0.005400 -0.999984
0.005450 -0.999964
0.005500 -0.999986
0.005550 -0.999972
0.005600 -0.999986
0.005650 -0.999976
0.005700 -0.999985
0.005750 -0.999979
0.005800 -0.999984
0.005850 -0.999980
0.005900 -0.999983
0.005950 -0.999981
0.006000 -0.999983
0.006050 -0.999981
0.006100 -0.999983
0.006150 -0.999982
0.006200 -0.999982
0.006250 -0.999982
0.006300 -0.999982
0.006350 -0.999982
0.006400 -0.999982
0.006450 -0.999982
0.006500 -0.999982
0.006550 -0.999982
0.006600 -0.999982
0.006650 -0.999982
0.006700 -0.999982
0.006750 -0.999982
0.006800 -0.999982
0.006850 -0.999982
0.006900 -0.999982
0.006950 -0.999982
0.007000 -0.999982
0.007050 -0.999982
0.007100 -0.999982
0.007150 -0.999982
0.007200 -0.999982
0.007250 -0.999982
0.007300 -0.999982
0.007350 -0.999982
0.007400 -0.999982
0.007450 -0.999982
0.007500 -0.999982
0.007550 -0.999982
0.007600 -0.999982
0.007650 -0.999982
0.007700 -0.999982
0.007750 -0.999982
0.007800 -0.999982
0.007850 -0.999982
0.007900 -0.999982
0.007950 -0.999982
0.008000 -0.999982
0.008050 -0.999982
0.008100 -0.999982
0.008150 -0.999982
0.008200 -0.999982
0.008250 -0.999982
0.008300 -0.999982
0.008350 -0.999982
0.008400 -0.999982
0.008450 -0.999982
0.008500 -0.999982
0.008550 -0.999982
0.008600 -0.999982
0.008650 -0.999982
0.008700 -0.999982
0.008750 -0.999982
0.008800 -0.999982
0.008850 -0.999982
0.008900 -0.999982
0.008950 -0.999982
0.009000 -0.999982
0.009050 -0.999982
0.009100 -0.999982
0.009150 -0.999982
0.009200 -0.999982
0.009250 -0.999982
0.009300 -0.999982
0.009350 -0.999982
0.009400 -0.999982
0.009450 -0.999982
0.009500 -0.999982
0.009550 -0.999982
0.009600 -0.999982
0.009650 -0.999982
0.009700 -0.999982
0.009750 -0.999982
0.009800 -0.999982
0.009850 -0.999982
0.009900 -0.999982
0.009950 -0.999982
0.010000 -0.999982
